9.0000000e+00 8.1000000e+01
9.0204711e+00 8.1368899e+01
9.0409888e+00 8.1739479e+01
9.0615532e+00 8.2111746e+01
9.0821643e+00 8.2485709e+01
9.1028223e+00 8.2861374e+01
9.1235273e+00 8.3238751e+01
9.1442794e+00 8.3617846e+01
9.1650787e+00 8.3998668e+01
9.1859254e+00 8.4381225e+01
9.2068194e+00 8.4765523e+01
9.2277609e+00 8.5151572e+01
9.2487501e+00 8.5539379e+01
9.2697870e+00 8.5928952e+01
9.2908718e+00 8.6320299e+01
9.3120046e+00 8.6713429e+01
9.3331854e+00 8.7108349e+01
9.3544144e+00 8.7505068e+01
9.3756916e+00 8.7903593e+01
9.3970173e+00 8.8303934e+01
9.4183915e+00 8.8706098e+01
9.4398142e+00 8.9110093e+01
9.4612858e+00 8.9515928e+01
9.4828061e+00 8.9923612e+01
9.5043754e+00 9.0333152e+01
9.5259938e+00 9.0744558e+01
9.5476613e+00 9.1157837e+01
9.5693781e+00 9.1572998e+01
9.5911444e+00 9.1990050e+01
9.6129601e+00 9.2409002e+01
9.6348254e+00 9.2829861e+01
9.6567405e+00 9.3252638e+01
9.6787055e+00 9.3677339e+01
9.7007204e+00 9.4103975e+01
9.7227853e+00 9.4532554e+01
9.7449005e+00 9.4963085e+01
9.7670659e+00 9.5395577e+01
9.7892818e+00 9.5830038e+01
9.8115482e+00 9.6266478e+01
9.8338653e+00 9.6704906e+01
9.8562331e+00 9.7145330e+01
9.8786518e+00 9.7587761e+01
9.9011214e+00 9.8032206e+01
9.9236422e+00 9.8478675e+01
9.9462143e+00 9.8927178e+01
9.9688376e+00 9.9377723e+01
9.9915124e+00 9.9830321e+01
1.0014239e+01 1.0028498e+02
1.0037017e+01 1.0074171e+02
1.0059847e+01 1.0120052e+02
1.0082729e+01 1.0166142e+02
1.0105662e+01 1.0212441e+02
1.0128649e+01 1.0258952e+02
1.0151687e+01 1.0305675e+02
1.0174778e+01 1.0352610e+02
1.0197921e+01 1.0399759e+02
1.0221117e+01 1.0447123e+02
1.0244365e+01 1.0494702e+02
1.0267667e+01 1.0542498e+02
1.0291021e+01 1.0590512e+02
1.0314429e+01 1.0638745e+02
1.0337890e+01 1.0687197e+02
1.0361404e+01 1.0735870e+02
1.0384972e+01 1.0784764e+02
1.0408593e+01 1.0833881e+02
1.0432268e+01 1.0883222e+02
1.0455997e+01 1.0932788e+02
1.0479780e+01 1.0982579e+02
1.0503617e+01 1.1032597e+02
1.0527508e+01 1.1082843e+02
1.0551454e+01 1.1133318e+02
1.0575454e+01 1.1184023e+02
1.0599509e+01 1.1234958e+02
1.0623618e+01 1.1286126e+02
1.0647782e+01 1.1337526e+02
1.0672001e+01 1.1389161e+02
1.0696275e+01 1.1441031e+02
1.0720605e+01 1.1493137e+02
1.0744990e+01 1.1545480e+02
1.0769430e+01 1.1598062e+02
1.0793926e+01 1.1650883e+02
1.0818477e+01 1.1703945e+02
1.0843085e+01 1.1757248e+02
1.0867748e+01 1.1810794e+02
1.0892467e+01 1.1864584e+02
1.0917243e+01 1.1918619e+02
1.0942075e+01 1.1972901e+02
1.0966964e+01 1.2027429e+02
1.0991909e+01 1.2082206e+02
1.1016911e+01 1.2137232e+02
1.1041969e+01 1.2192509e+02
1.1067085e+01 1.2248037e+02
1.1092258e+01 1.2303818e+02
1.1117488e+01 1.2359854e+02
1.1142775e+01 1.2416145e+02
1.1168120e+01 1.2472692e+02
1.1193523e+01 1.2529496e+02
1.1218984e+01 1.2586559e+02
1.1244502e+01 1.2643882e+02
1.1270078e+01 1.2701467e+02
1.1295713e+01 1.2759313e+02
1.1321406e+01 1.2817423e+02
1.1347157e+01 1.2875798e+02
1.1372967e+01 1.2934438e+02
1.1398836e+01 1.2993345e+02
1.1424763e+01 1.3052521e+02
1.1450750e+01 1.3111967e+02
1.1476795e+01 1.3171683e+02
1.1502900e+01 1.3231670e+02
1.1529064e+01 1.3291932e+02
1.1555288e+01 1.3352467e+02
1.1581571e+01 1.3413279e+02
1.1607914e+01 1.3474367e+02
1.1634317e+01 1.3535733e+02
1.1660780e+01 1.3597379e+02
1.1687303e+01 1.3659306e+02
1.1713887e+01 1.3721515e+02
1.1740531e+01 1.3784007e+02
1.1767236e+01 1.3846784e+02
1.1794001e+01 1.3909846e+02
1.1820827e+01 1.3973196e+02
1.1847715e+01 1.4036834e+02
1.1874663e+01 1.4100762e+02
1.1901673e+01 1.4164982e+02
1.1928744e+01 1.4229493e+02
1.1955877e+01 1.4294299e+02
1.1983071e+01 1.4359400e+02
1.2010328e+01 1.4424797e+02
1.2037646e+01 1.4490492e+02
1.2065026e+01 1.4556486e+02
1.2092469e+01 1.4622781e+02
1.2119974e+01 1.4689378e+02
1.2147542e+01 1.4756278e+02
1.2175173e+01 1.4823483e+02
1.2202866e+01 1.4890993e+02
1.2230622e+01 1.4958812e+02
1.2258441e+01 1.5026939e+02
1.2286324e+01 1.5095376e+02
1.2314270e+01 1.5164125e+02
1.2342280e+01 1.5233187e+02
1.2370353e+01 1.5302564e+02
1.2398491e+01 1.5372257e+02
1.2426692e+01 1.5442267e+02
1.2454957e+01 1.5512596e+02
1.2483287e+01 1.5583245e+02
1.2511681e+01 1.5654216e+02
1.2540140e+01 1.5725510e+02
1.2568663e+01 1.5797129e+02
1.2597251e+01 1.5869074e+02
1.2625905e+01 1.5941347e+02
1.2654623e+01 1.6013949e+02
1.2683407e+01 1.6086881e+02
1.2712256e+01 1.6160146e+02
1.2741171e+01 1.6233744e+02
1.2770152e+01 1.6307678e+02
1.2799198e+01 1.6381948e+02
1.2828311e+01 1.6456557e+02
1.2857490e+01 1.6531505e+02
1.2886735e+01 1.6606795e+02
1.2916047e+01 1.6682427e+02
1.2945426e+01 1.6758404e+02
1.2974871e+01 1.6834727e+02
1.3004383e+01 1.6911398e+02
1.3033962e+01 1.6988418e+02
1.3063609e+01 1.7065788e+02
1.3093323e+01 1.7143511e+02
1.3123105e+01 1.7221588e+02
1.3152954e+01 1.7300021e+02
1.3182872e+01 1.7378810e+02
1.3212857e+01 1.7457959e+02
1.3242911e+01 1.7537468e+02
1.3273032e+01 1.7617339e+02
1.3303223e+01 1.7697574e+02
1.3333482e+01 1.7778174e+02
1.3363810e+01 1.7859142e+02
1.3394207e+01 1.7940478e+02
1.3424673e+01 1.8022184e+02
1.3455208e+01 1.8104263e+02
1.3485813e+01 1.8186715e+02
1.3516487e+01 1.8269543e+02
1.3547232e+01 1.8352749e+02
1.3578046e+01 1.8436333e+02
1.3608930e+01 1.8520298e+02
1.3639884e+01 1.8604645e+02
1.3670909e+01 1.8689376e+02
1.3702005e+01 1.8774494e+02
1.3733171e+01 1.8859998e+02
1.3764408e+01 1.8945893e+02
1.3795716e+01 1.9032178e+02
1.3827095e+01 1.9118857e+02
1.3858546e+01 1.9205930e+02
1.3890068e+01 1.9293400e+02
1.3921662e+01 1.9381268e+02
1.3953328e+01 1.9469536e+02
1.3985066e+01 1.9558207e+02
1.4016876e+01 1.9647281e+02
1.4048758e+01 1.9736761e+02
1.4080713e+01 1.9826648e+02
1.4112741e+01 1.9916945e+02
1.4144841e+01 2.0007653e+02
1.4177015e+01 2.0098774e+02
1.4209261e+01 2.0190310e+02
1.4241581e+01 2.0282263e+02
1.4273975e+01 2.0374635e+02
1.4306442e+01 2.0467428e+02
1.4338983e+01 2.0560643e+02
1.4371598e+01 2.0654282e+02
1.4404287e+01 2.0748348e+02
1.4437051e+01 2.0842843e+02
1.4469889e+01 2.0937768e+02
1.4502801e+01 2.1033125e+02
1.4535789e+01 2.1128916e+02
1.4568852e+01 2.1225144e+02
1.4601990e+01 2.1321810e+02
1.4635203e+01 2.1418916e+02
1.4668492e+01 2.1516465e+02
1.4701856e+01 2.1614457e+02
1.4735297e+01 2.1712896e+02
1.4768813e+01 2.1811784e+02
1.4802406e+01 2.1911121e+02
1.4836075e+01 2.2010911e+02
1.4869820e+01 2.2111156e+02
1.4903643e+01 2.2211857e+02
1.4937542e+01 2.2313017e+02
1.4971519e+01 2.2414637e+02
1.5005573e+01 2.2516721e+02
1.5039704e+01 2.2619269e+02
1.5073913e+01 2.2722284e+02
1.5108199e+01 2.2825769e+02
1.5142564e+01 2.2929724e+02
1.5177007e+01 2.3034153e+02
1.5211528e+01 2.3139058e+02
1.5246128e+01 2.3244441e+02
1.5280806e+01 2.3350303e+02
1.5315563e+01 2.3456648e+02
1.5350400e+01 2.3563477e+02
1.5385315e+01 2.3670792e+02
1.5420310e+01 2.3778596e+02
1.5455385e+01 2.3886891e+02
1.5490539e+01 2.3995680e+02
1.5525773e+01 2.4104964e+02
1.5561088e+01 2.4214745e+02
1.5596483e+01 2.4325027e+02
1.5631958e+01 2.4435811e+02
1.5667514e+01 2.4547099e+02
1.5703151e+01 2.4658894e+02
1.5738869e+01 2.4771198e+02
1.5774668e+01 2.4884014e+02
1.5810548e+01 2.4997344e+02
1.5846511e+01 2.5111190e+02
1.5882555e+01 2.5225554e+02
1.5918681e+01 2.5340439e+02
1.5954889e+01 2.5455847e+02
1.5991179e+01 2.5571781e+02
1.6027552e+01 2.5688243e+02
1.6064008e+01 2.5805235e+02
1.6100547e+01 2.5922760e+02
1.6137169e+01 2.6040821e+02
1.6173874e+01 2.6159419e+02
1.6210662e+01 2.6278557e+02
1.6247535e+01 2.6398238e+02
1.6284491e+01 2.6518464e+02
1.6321531e+01 2.6639237e+02
1.6358655e+01 2.6760561e+02
1.6395864e+01 2.6882436e+02
1.6433158e+01 2.7004868e+02
1.6470536e+01 2.7127856e+02
1.6508000e+01 2.7251405e+02
1.6545548e+01 2.7375516e+02
1.6583182e+01 2.7500193e+02
1.6620902e+01 2.7625438e+02
1.6658707e+01 2.7751252e+02
1.6696599e+01 2.7877640e+02
1.6734576e+01 2.8004604e+02
1.6772640e+01 2.8132146e+02
1.6810791e+01 2.8260268e+02
1.6849028e+01 2.8388974e+02
1.6887352e+01 2.8518267e+02
1.6925764e+01 2.8648148e+02
1.6964263e+01 2.8778620e+02
1.7002849e+01 2.8909687e+02
1.7041523e+01 2.9041351e+02
1.7080285e+01 2.9173614e+02
1.7119136e+01 2.9306480e+02
1.7158074e+01 2.9439951e+02
1.7197101e+01 2.9574030e+02
1.7236217e+01 2.9708719e+02
1.7275422e+01 2.9844022e+02
1.7314717e+01 2.9979941e+02
1.7354100e+01 3.0116479e+02
1.7393573e+01 3.0253639e+02
1.7433136e+01 3.0391424e+02
1.7472789e+01 3.0529836e+02
1.7512532e+01 3.0668878e+02
1.7552366e+01 3.0808554e+02
1.7592290e+01 3.0948866e+02
1.7632305e+01 3.1089816e+02
1.7672410e+01 3.1231409e+02
1.7712608e+01 3.1373647e+02
1.7752896e+01 3.1516532e+02
1.7793276e+01 3.1660068e+02
1.7833748e+01 3.1804258e+02
1.7874313e+01 3.1949105e+02
1.7914969e+01 3.2094611e+02
1.7955718e+01 3.2240780e+02
1.7996559e+01 3.2387615e+02
1.8037494e+01 3.2535118e+02
1.8078521e+01 3.2683293e+02
1.8119642e+01 3.2832143e+02
1.8160856e+01 3.2981671e+02
1.8202165e+01 3.3131880e+02
1.8243567e+01 3.3282773e+02
1.8285063e+01 3.3434353e+02
1.8326654e+01 3.3586623e+02
1.8368339e+01 3.3739587e+02
1.8410119e+01 3.3893248e+02
1.8451994e+01 3.4047608e+02
1.8493964e+01 3.4202672e+02
1.8536030e+01 3.4358442e+02
1.8578192e+01 3.4514921e+02
1.8620449e+01 3.4672113e+02
1.8662803e+01 3.4830020e+02
1.8705252e+01 3.4988647e+02
1.8747799e+01 3.5147996e+02
1.8790442e+01 3.5308071e+02
1.8833182e+01 3.5468875e+02
1.8876020e+01 3.5630412e+02
1.8918954e+01 3.5792684e+02
1.8961987e+01 3.5955695e+02
1.9005117e+01 3.6119448e+02
1.9048346e+01 3.6283948e+02
1.9091673e+01 3.6449196e+02
1.9135098e+01 3.6615197e+02
1.9178622e+01 3.6781954e+02
1.9222245e+01 3.6949471e+02
1.9265967e+01 3.7117750e+02
1.9309789e+01 3.7286796e+02
1.9353711e+01 3.7456612e+02
1.9397732e+01 3.7627201e+02
1.9441854e+01 3.7798567e+02
1.9486075e+01 3.7970714e+02
1.9530398e+01 3.8143644e+02
1.9574821e+01 3.8317362e+02
1.9619345e+01 3.8491871e+02
1.9663971e+01 3.8667176e+02
1.9708698e+01 3.8843278e+02
1.9753527e+01 3.9020182e+02
1.9798458e+01 3.9197893e+02
1.9843491e+01 3.9376412e+02
1.9888626e+01 3.9555745e+02
1.9933864e+01 3.9735894e+02
1.9979205e+01 3.9916864e+02
2.0024649e+01 4.0098657e+02
2.0070197e+01 4.0281279e+02
2.0115848e+01 4.0464733e+02
2.0161603e+01 4.0649022e+02
2.0207462e+01 4.0834150e+02
2.0253425e+01 4.1020122e+02
2.0299493e+01 4.1206940e+02
2.0345665e+01 4.1394610e+02
2.0391943e+01 4.1583134e+02
2.0438326e+01 4.1772516e+02
2.0484814e+01 4.1962761e+02
2.0531408e+01 4.2153873e+02
2.0578108e+01 4.2345855e+02
2.0624915e+01 4.2538711e+02
2.0671828e+01 4.2732446e+02
2.0718847e+01 4.2927063e+02
2.0765974e+01 4.3122566e+02
2.0813207e+01 4.3318960e+02
2.0860548e+01 4.3516248e+02
2.0907997e+01 4.3714434e+02
2.0955554e+01 4.3913524e+02
2.1003219e+01 4.4113520e+02
2.1050992e+01 4.4314426e+02
2.1098874e+01 4.4516248e+02
2.1146865e+01 4.4718989e+02
2.1194965e+01 4.4922653e+02
2.1243174e+01 4.5127245e+02
2.1291493e+01 4.5332769e+02
2.1339922e+01 4.5539229e+02
2.1388461e+01 4.5746628e+02
2.1437111e+01 4.5954973e+02
2.1485871e+01 4.6164266e+02
2.1534742e+01 4.6374513e+02
2.1583725e+01 4.6585717e+02
2.1632818e+01 4.6797883e+02
2.1682024e+01 4.7011015e+02
2.1731341e+01 4.7225118e+02
2.1780770e+01 4.7440196e+02
2.1830312e+01 4.7656253e+02
2.1879967e+01 4.7873295e+02
2.1929734e+01 4.8091325e+02
2.1979615e+01 4.8310348e+02
2.2029609e+01 4.8530368e+02
2.2079717e+01 4.8751391e+02
2.2129939e+01 4.8973420e+02
2.2180275e+01 4.9196460e+02
2.2230726e+01 4.9420516e+02
2.2281291e+01 4.9645593e+02
2.2331971e+01 4.9871694e+02
2.2382767e+01 5.0098826e+02
2.2433678e+01 5.0326992e+02
2.2484705e+01 5.0556196e+02
2.2535848e+01 5.0786445e+02
2.2587108e+01 5.1017743e+02
2.2638483e+01 5.1250093e+02
2.2689976e+01 5.1483502e+02
2.2741586e+01 5.1717974e+02
2.2793314e+01 5.1953514e+02
2.2845159e+01 5.2190127e+02
2.2897121e+01 5.2427817e+02
2.2949203e+01 5.2666590e+02
2.3001402e+01 5.2906450e+02
2.3053720e+01 5.3147402e+02
2.3106158e+01 5.3389452e+02
2.3158714e+01 5.3632605e+02
2.3211390e+01 5.3876864e+02
2.3264186e+01 5.4122236e+02
2.3317102e+01 5.4368726e+02
2.3370139e+01 5.4616338e+02
2.3423296e+01 5.4865078e+02
2.3476574e+01 5.5114951e+02
2.3529973e+01 5.5365962e+02
2.3583493e+01 5.5618116e+02
2.3637136e+01 5.5871418e+02
2.3690900e+01 5.6125874e+02
2.3744787e+01 5.6381489e+02
2.3798796e+01 5.6638268e+02
2.3852928e+01 5.6896216e+02
2.3907183e+01 5.7155339e+02
2.3961561e+01 5.7415643e+02
2.4016064e+01 5.7677131e+02
2.4070690e+01 5.7939811e+02
2.4125440e+01 5.8203687e+02
2.4180315e+01 5.8468765e+02
2.4235315e+01 5.8735050e+02
2.4290440e+01 5.9002548e+02
2.4345690e+01 5.9271264e+02
2.4401066e+01 5.9541204e+02
2.4456568e+01 5.9812373e+02
2.4512196e+01 6.0084778e+02
2.4567951e+01 6.0358422e+02
2.4623833e+01 6.0633314e+02
2.4679841e+01 6.0909457e+02
2.4735977e+01 6.1186857e+02
2.4792241e+01 6.1465522e+02
2.4848633e+01 6.1745455e+02
2.4905153e+01 6.2026663e+02
2.4961801e+01 6.2309152e+02
2.5018579e+01 6.2592927e+02
2.5075485e+01 6.2877995e+02
2.5132521e+01 6.3164361e+02
2.5189687e+01 6.3452031e+02
2.5246982e+01 6.3741012e+02
2.5304408e+01 6.4031308e+02
2.5361965e+01 6.4322927e+02
2.5419653e+01 6.4615874e+02
2.5477471e+01 6.4910155e+02
2.5535422e+01 6.5205776e+02
2.5593504e+01 6.5502743e+02
2.5651718e+01 6.5801064e+02
2.5710065e+01 6.6100742e+02
2.5768544e+01 6.6401786e+02
2.5827156e+01 6.6704200e+02
2.5885902e+01 6.7007992e+02
2.5944781e+01 6.7313167e+02
2.6003794e+01 6.7619733e+02
2.6062942e+01 6.7927694e+02
2.6122224e+01 6.8237058e+02
2.6181641e+01 6.8547831e+02
2.6241193e+01 6.8860019e+02
2.6300880e+01 6.9173629e+02
2.6360703e+01 6.9488668e+02
2.6420663e+01 6.9805141e+02
2.6480758e+01 7.0123056e+02
2.6540991e+01 7.0442418e+02
2.6601360e+01 7.0763235e+02
2.6661867e+01 7.1085513e+02
2.6722511e+01 7.1409258e+02
2.6783293e+01 7.1734479e+02
2.6844213e+01 7.2061180e+02
2.6905273e+01 7.2389369e+02
2.6966470e+01 7.2719053e+02
2.7027808e+01 7.3050238e+02
2.7089284e+01 7.3382932e+02
2.7150901e+01 7.3717141e+02
2.7212657e+01 7.4052872e+02
2.7274554e+01 7.4390132e+02
2.7336592e+01 7.4728928e+02
2.7398771e+01 7.5069267e+02
2.7461092e+01 7.5411156e+02
2.7523554e+01 7.5754602e+02
2.7586158e+01 7.6099612e+02
2.7648905e+01 7.6446193e+02
2.7711794e+01 7.6794353e+02
2.7774827e+01 7.7144099e+02
2.7838002e+01 7.7495437e+02
2.7901322e+01 7.7848376e+02
2.7964785e+01 7.8202922e+02
2.8028393e+01 7.8559082e+02
2.8092146e+01 7.8916865e+02
2.8156043e+01 7.9276277e+02
2.8220086e+01 7.9637326e+02
2.8284275e+01 8.0000019e+02
2.8348609e+01 8.0364364e+02
2.8413090e+01 8.0730369e+02
2.8477718e+01 8.1098040e+02
2.8542492e+01 8.1467386e+02
2.8607414e+01 8.1838414e+02
2.8672484e+01 8.2211132e+02
2.8737701e+01 8.2585547e+02
2.8803067e+01 8.2961668e+02
2.8868582e+01 8.3339501e+02
2.8934245e+01 8.3719055e+02
2.9000058e+01 8.4100338e+02
2.9066021e+01 8.4483357e+02
2.9132134e+01 8.4868121e+02
2.9198397e+01 8.5254637e+02
2.9264811e+01 8.5642914e+02
2.9331375e+01 8.6032958e+02
2.9398092e+01 8.6424779e+02
2.9464960e+01 8.6818385e+02
2.9531980e+01 8.7213783e+02
2.9599152e+01 8.7610982e+02
2.9666478e+01 8.8009990e+02
2.9733956e+01 8.8410815e+02
2.9801588e+01 8.8813465e+02
2.9869374e+01 8.9217950e+02
2.9937314e+01 8.9624276e+02
3.0005408e+01 9.0032453e+02
3.0073658e+01 9.0442489e+02
3.0142062e+01 9.0854393e+02
3.0210623e+01 9.1268172e+02
3.0279339e+01 9.1683836e+02
3.0348211e+01 9.2101393e+02
3.0417240e+01 9.2520851e+02
3.0486427e+01 9.2942220e+02
3.0555770e+01 9.3365508e+02
3.0625271e+01 9.3790724e+02
3.0694931e+01 9.4217876e+02
3.0764748e+01 9.4646974e+02
3.0834725e+01 9.5078026e+02
3.0904861e+01 9.5511041e+02
3.0975156e+01 9.5946028e+02
3.1045611e+01 9.6382997e+02
3.1116226e+01 9.6821955e+02
3.1187003e+01 9.7262913e+02
3.1257940e+01 9.7705878e+02
3.1329038e+01 9.8150862e+02
3.1400298e+01 9.8597871e+02
3.1471720e+01 9.9046917e+02
3.1543305e+01 9.9498008e+02
3.1615052e+01 9.9951153e+02
3.1686963e+01 1.0040636e+03
3.1759037e+01 1.0086364e+03
3.1831275e+01 1.0132301e+03
3.1903678e+01 1.0178447e+03
3.1976245e+01 1.0224802e+03
3.2048977e+01 1.0271369e+03
3.2121875e+01 1.0318148e+03
3.2194938e+01 1.0365140e+03
3.2268168e+01 1.0412347e+03
3.2341564e+01 1.0459768e+03
3.2415127e+01 1.0507405e+03
3.2488858e+01 1.0555259e+03
3.2562756e+01 1.0603331e+03
3.2636822e+01 1.0651622e+03
3.2711057e+01 1.0700132e+03
3.2785460e+01 1.0748864e+03
3.2860033e+01 1.0797818e+03
3.2934776e+01 1.0846994e+03
3.3009688e+01 1.0896395e+03
3.3084771e+01 1.0946021e+03
3.3160024e+01 1.0995872e+03
3.3235449e+01 1.1045951e+03
3.3311046e+01 1.1096258e+03
3.3386814e+01 1.1146793e+03
3.3462755e+01 1.1197559e+03
3.3538868e+01 1.1248557e+03
3.3615154e+01 1.1299786e+03
3.3691614e+01 1.1351249e+03
3.3768248e+01 1.1402946e+03
3.3845057e+01 1.1454879e+03
3.3922040e+01 1.1507048e+03
3.3999198e+01 1.1559454e+03
3.4076531e+01 1.1612100e+03
3.4154041e+01 1.1664985e+03
3.4231726e+01 1.1718111e+03
3.4309589e+01 1.1771479e+03
3.4387628e+01 1.1825090e+03
3.4465845e+01 1.1878945e+03
3.4544240e+01 1.1933045e+03
3.4622814e+01 1.1987392e+03
3.4701566e+01 1.2041987e+03
3.4780497e+01 1.2096830e+03
3.4859608e+01 1.2151922e+03
3.4938898e+01 1.2207266e+03
3.5018369e+01 1.2262862e+03
3.5098021e+01 1.2318711e+03
3.5177854e+01 1.2374814e+03
3.5257868e+01 1.2431173e+03
3.5338065e+01 1.2487788e+03
3.5418444e+01 1.2544661e+03
3.5499005e+01 1.2601794e+03
3.5579750e+01 1.2659186e+03
3.5660679e+01 1.2716840e+03
3.5741792e+01 1.2774757e+03
3.5823089e+01 1.2832937e+03
3.5904571e+01 1.2891382e+03
3.5986238e+01 1.2950094e+03
3.6068092e+01 1.3009072e+03
3.6150131e+01 1.3068320e+03
3.6232357e+01 1.3127837e+03
3.6314770e+01 1.3187625e+03
3.6397370e+01 1.3247686e+03
3.6480159e+01 1.3308020e+03
3.6563136e+01 1.3368629e+03
3.6646301e+01 1.3429514e+03
3.6729655e+01 1.3490676e+03
3.6813200e+01 1.3552117e+03
3.6896934e+01 1.3613837e+03
3.6980858e+01 1.3675839e+03
3.7064974e+01 1.3738123e+03
3.7149281e+01 1.3800691e+03
3.7233780e+01 1.3863543e+03
3.7318470e+01 1.3926682e+03
3.7403354e+01 1.3990109e+03
3.7488430e+01 1.4053824e+03
3.7573700e+01 1.4117830e+03
3.7659164e+01 1.4182127e+03
3.7744823e+01 1.4246717e+03
3.7830676e+01 1.4311601e+03
3.7916725e+01 1.4376780e+03
3.8002969e+01 1.4442256e+03
3.8089409e+01 1.4508031e+03
3.8176046e+01 1.4574105e+03
3.8262880e+01 1.4640480e+03
3.8349912e+01 1.4707157e+03
3.8437141e+01 1.4774138e+03
3.8524569e+01 1.4841425e+03
3.8612196e+01 1.4909017e+03
3.8700022e+01 1.4976917e+03
3.8788048e+01 1.5045127e+03
3.8876274e+01 1.5113647e+03
3.8964701e+01 1.5182479e+03
3.9053329e+01 1.5251625e+03
3.9142159e+01 1.5321086e+03
3.9231190e+01 1.5390863e+03
3.9320424e+01 1.5460958e+03
3.9409861e+01 1.5531372e+03
3.9499502e+01 1.5602106e+03
3.9589346e+01 1.5673163e+03
3.9679395e+01 1.5744544e+03
3.9769649e+01 1.5816249e+03
3.9860107e+01 1.5888282e+03
3.9950772e+01 1.5960642e+03
4.0041643e+01 1.6033332e+03
4.0132720e+01 1.6106352e+03
4.0224005e+01 1.6179706e+03
4.0315497e+01 1.6253393e+03
4.0407198e+01 1.6327416e+03
4.0499107e+01 1.6401776e+03
4.0591225e+01 1.6476475e+03
4.0683552e+01 1.6551514e+03
4.0776090e+01 1.6626895e+03
4.0868838e+01 1.6702619e+03
4.0961797e+01 1.6778688e+03
4.1054967e+01 1.6855104e+03
4.1148350e+01 1.6931867e+03
4.1241945e+01 1.7008980e+03
4.1335752e+01 1.7086444e+03
4.1429773e+01 1.7164261e+03
4.1524008e+01 1.7242433e+03
4.1618458e+01 1.7320960e+03
4.1713122e+01 1.7399845e+03
4.1808001e+01 1.7479090e+03
4.1903096e+01 1.7558695e+03
4.1998408e+01 1.7638663e+03
4.2093936e+01 1.7718995e+03
4.2189682e+01 1.7799692e+03
4.2285645e+01 1.7880758e+03
4.2381827e+01 1.7962192e+03
4.2478227e+01 1.8043998e+03
4.2574847e+01 1.8126176e+03
4.2671686e+01 1.8208728e+03
4.2768746e+01 1.8291656e+03
4.2866027e+01 1.8374962e+03
4.2963528e+01 1.8458648e+03
4.3061252e+01 1.8542714e+03
4.3159198e+01 1.8627163e+03
4.3257366e+01 1.8711997e+03
4.3355758e+01 1.8797218e+03
4.3454374e+01 1.8882826e+03
4.3553214e+01 1.8968824e+03
4.3652279e+01 1.9055214e+03
4.3751569e+01 1.9141998e+03
4.3851085e+01 1.9229176e+03
4.3950827e+01 1.9316752e+03
4.4050796e+01 1.9404727e+03
4.4150993e+01 1.9493102e+03
4.4251418e+01 1.9581880e+03
4.4352071e+01 1.9671062e+03
4.4452952e+01 1.9760650e+03
4.4554064e+01 1.9850646e+03
4.4655405e+01 1.9941052e+03
4.4756977e+01 2.0031870e+03
4.4858780e+01 2.0123101e+03
4.4960814e+01 2.0214748e+03
4.5063081e+01 2.0306812e+03
4.5165580e+01 2.0399296e+03
4.5268312e+01 2.0492201e+03
4.5371278e+01 2.0585529e+03
4.5474478e+01 2.0679282e+03
4.5577913e+01 2.0773462e+03
4.5681583e+01 2.0868070e+03
4.5785489e+01 2.0963110e+03
4.5889631e+01 2.1058583e+03
4.5994011e+01 2.1154490e+03
4.6098627e+01 2.1250834e+03
4.6203482e+01 2.1347617e+03
4.6308575e+01 2.1444841e+03
4.6413907e+01 2.1542508e+03
4.6519479e+01 2.1640619e+03
4.6625290e+01 2.1739177e+03
4.6731343e+01 2.1838184e+03
4.6837637e+01 2.1937642e+03
4.6944172e+01 2.2037553e+03
4.7050950e+01 2.2137919e+03
4.7157971e+01 2.2238742e+03
4.7265235e+01 2.2340024e+03
4.7372743e+01 2.2441768e+03
4.7480495e+01 2.2543974e+03
4.7588493e+01 2.2646647e+03
4.7696736e+01 2.2749787e+03
4.7805226e+01 2.2853396e+03
4.7913962e+01 2.2957478e+03
4.8022946e+01 2.3062033e+03
4.8132177e+01 2.3167065e+03
4.8241657e+01 2.3272575e+03
4.8351386e+01 2.3378566e+03
4.8461365e+01 2.3485039e+03
4.8571594e+01 2.3591997e+03
4.8682073e+01 2.3699443e+03
4.8792804e+01 2.3807377e+03
4.8903787e+01 2.3915804e+03
4.9015022e+01 2.4024724e+03
4.9126510e+01 2.4134140e+03
4.9238252e+01 2.4244054e+03
4.9350247e+01 2.4354469e+03
4.9462498e+01 2.4465387e+03
4.9575004e+01 2.4576810e+03
4.9687766e+01 2.4688741e+03
4.9800784e+01 2.4801181e+03
4.9914059e+01 2.4914133e+03
5.0027592e+01 2.5027600e+03
5.0141384e+01 2.5141584e+03
5.0255434e+01 2.5256086e+03
5.0369743e+01 2.5371110e+03
5.0484313e+01 2.5486658e+03
5.0599143e+01 2.5602733e+03
5.0714234e+01 2.5719335e+03
5.0829587e+01 2.5836469e+03
5.0945203e+01 2.5954137e+03
5.1061081e+01 2.6072340e+03
5.1177223e+01 2.6191082e+03
5.1293629e+01 2.6310364e+03
5.1410300e+01 2.6430190e+03
5.1527236e+01 2.6550561e+03
5.1644439e+01 2.6671481e+03
5.1761908e+01 2.6792951e+03
5.1879644e+01 2.6914974e+03
5.1997648e+01 2.7037554e+03
5.2115920e+01 2.7160691e+03
5.2234461e+01 2.7284389e+03
5.2353272e+01 2.7408651e+03
5.2472353e+01 2.7533479e+03
5.2591705e+01 2.7658875e+03
5.2711329e+01 2.7784842e+03
5.2831224e+01 2.7911383e+03
5.2951393e+01 2.8038500e+03
5.3071834e+01 2.8166196e+03
5.3192550e+01 2.8294474e+03
5.3313540e+01 2.8423336e+03
5.3434805e+01 2.8552784e+03
5.3556347e+01 2.8682823e+03
5.3678164e+01 2.8813453e+03
5.3800259e+01 2.8944679e+03
5.3922632e+01 2.9076502e+03
5.4045282e+01 2.9208925e+03
5.4168212e+01 2.9341952e+03
5.4291421e+01 2.9475584e+03
5.4414911e+01 2.9609825e+03
5.4538682e+01 2.9744678e+03
5.4662734e+01 2.9880144e+03
5.4787068e+01 3.0016228e+03
5.4911685e+01 3.0152931e+03
5.5036585e+01 3.0290257e+03
5.5161770e+01 3.0428209e+03
5.5287239e+01 3.0566788e+03
5.5412994e+01 3.0705999e+03
5.5539035e+01 3.0845844e+03
5.5665362e+01 3.0986325e+03
5.5791977e+01 3.1127447e+03
5.5918880e+01 3.1269211e+03
5.6046071e+01 3.1411621e+03
5.6173552e+01 3.1554679e+03
5.6301322e+01 3.1698389e+03
5.6429384e+01 3.1842753e+03
5.6557736e+01 3.1987775e+03
5.6686381e+01 3.2133458e+03
5.6815318e+01 3.2279803e+03
5.6944548e+01 3.2426816e+03
5.7074073e+01 3.2574498e+03
5.7203892e+01 3.2722852e+03
5.7334006e+01 3.2871882e+03
5.7464416e+01 3.3021591e+03
5.7595123e+01 3.3171982e+03
5.7726127e+01 3.3323057e+03
5.7857429e+01 3.3474821e+03
5.7989030e+01 3.3627276e+03
5.8120930e+01 3.3780425e+03
5.8253130e+01 3.3934272e+03
5.8385631e+01 3.4088819e+03
5.8518433e+01 3.4244070e+03
5.8651537e+01 3.4400028e+03
5.8784944e+01 3.4556697e+03
5.8918655e+01 3.4714079e+03
5.9052669e+01 3.4872178e+03
5.9186989e+01 3.5030996e+03
5.9321614e+01 3.5190539e+03
5.9456545e+01 3.5350807e+03
5.9591783e+01 3.5511806e+03
5.9727329e+01 3.5673538e+03
5.9863183e+01 3.5836006e+03
5.9999346e+01 3.5999215e+03
6.0135818e+01 3.6163166e+03
6.0272601e+01 3.6327865e+03
6.0409696e+01 3.6493313e+03
6.0547102e+01 3.6659515e+03
6.0684820e+01 3.6826474e+03
6.0822852e+01 3.6994193e+03
6.0961198e+01 3.7162677e+03
6.1099858e+01 3.7331927e+03
6.1238834e+01 3.7501948e+03
6.1378126e+01 3.7672744e+03
6.1517735e+01 3.7844317e+03
6.1657662e+01 3.8016672e+03
6.1797906e+01 3.8189812e+03
6.1938470e+01 3.8363741e+03
6.2079353e+01 3.8538461e+03
6.2220557e+01 3.8713977e+03
6.2362082e+01 3.8890293e+03
6.2503929e+01 3.9067411e+03
6.2646099e+01 3.9245337e+03
6.2788592e+01 3.9424072e+03
6.2931409e+01 3.9603622e+03
6.3074550e+01 3.9783989e+03
6.3218018e+01 3.9965178e+03
6.3361812e+01 4.0147192e+03
6.3505933e+01 4.0330035e+03
6.3650381e+01 4.0513710e+03
6.3795158e+01 4.0698222e+03
6.3940265e+01 4.0883575e+03
6.4085702e+01 4.1069772e+03
6.4231469e+01 4.1256816e+03
6.4377568e+01 4.1444713e+03
6.4523999e+01 4.1633465e+03
6.4670764e+01 4.1823077e+03
6.4817862e+01 4.2013552e+03
6.4965295e+01 4.2204895e+03
6.5113063e+01 4.2397109e+03
6.5261167e+01 4.2590199e+03
6.5409608e+01 4.2784168e+03
6.5558387e+01 4.2979021e+03
6.5707504e+01 4.3174761e+03
6.5856960e+01 4.3371392e+03
6.6006756e+01 4.3568919e+03
6.6156893e+01 4.3767345e+03
6.6307372e+01 4.3966676e+03
6.6458193e+01 4.4166914e+03
6.6609356e+01 4.4368063e+03
6.6760864e+01 4.4570130e+03
6.6912716e+01 4.4773116e+03
6.7064914e+01 4.4977027e+03
6.7217458e+01 4.5181866e+03
6.7370348e+01 4.5387639e+03
6.7523587e+01 4.5594348e+03
6.7677174e+01 4.5801999e+03
6.7831111e+01 4.6010596e+03
6.7985397e+01 4.6220142e+03
6.8140035e+01 4.6430643e+03
6.8295024e+01 4.6642103e+03
6.8450366e+01 4.6854526e+03
6.8606061e+01 4.7067916e+03
6.8762110e+01 4.7282278e+03
6.8918514e+01 4.7497616e+03
6.9075274e+01 4.7713935e+03
6.9232391e+01 4.7931240e+03
6.9389865e+01 4.8149533e+03
6.9547697e+01 4.8368822e+03
6.9705888e+01 4.8589108e+03
6.9864439e+01 4.8810398e+03
7.0023351e+01 4.9032696e+03
7.0182624e+01 4.9256006e+03
7.0342259e+01 4.9480334e+03
7.0502257e+01 4.9705683e+03
7.0662619e+01 4.9932058e+03
7.0823347e+01 5.0159464e+03
7.0984439e+01 5.0387906e+03
7.1145898e+01 5.0617388e+03
7.1307725e+01 5.0847916e+03
7.1469919e+01 5.1079493e+03
7.1632482e+01 5.1312125e+03
7.1795415e+01 5.1545817e+03
7.1958719e+01 5.1780572e+03
7.2122394e+01 5.2016397e+03
7.2286442e+01 5.2253296e+03
7.2450862e+01 5.2491274e+03
7.2615657e+01 5.2730336e+03
7.2780826e+01 5.2970486e+03
7.2946371e+01 5.3211731e+03
7.3112293e+01 5.3454074e+03
7.3278592e+01 5.3697520e+03
7.3445269e+01 5.3942076e+03
7.3612325e+01 5.4187745e+03
7.3779762e+01 5.4434533e+03
7.3947579e+01 5.4682445e+03
7.4115778e+01 5.4931485e+03
7.4284360e+01 5.5181661e+03
7.4453324e+01 5.5432975e+03
7.4622674e+01 5.5685434e+03
7.4792408e+01 5.5939043e+03
7.4962529e+01 5.6193807e+03
7.5133036e+01 5.6449731e+03
7.5303932e+01 5.6706821e+03
7.5475216e+01 5.6965082e+03
7.5646889e+01 5.7224519e+03
7.5818953e+01 5.7485137e+03
7.5991409e+01 5.7746942e+03
7.6164257e+01 5.8009940e+03
7.6337498e+01 5.8274136e+03
7.6511133e+01 5.8539534e+03
7.6685163e+01 5.8806142e+03
7.6859588e+01 5.9073963e+03
7.7034411e+01 5.9343004e+03
7.7209631e+01 5.9613271e+03
7.7385250e+01 5.9884769e+03
7.7561268e+01 6.0157503e+03
7.7737686e+01 6.0431479e+03
7.7914506e+01 6.0706703e+03
7.8091728e+01 6.0983180e+03
7.8269353e+01 6.1260917e+03
7.8447382e+01 6.1539918e+03
7.8625816e+01 6.1820190e+03
7.8804656e+01 6.2101739e+03
7.8983903e+01 6.2384569e+03
7.9163557e+01 6.2668688e+03
7.9343620e+01 6.2954101e+03
7.9524093e+01 6.3240814e+03
7.9704976e+01 6.3528832e+03
7.9886271e+01 6.3818162e+03
8.0067978e+01 6.4108810e+03
8.0250098e+01 6.4400782e+03
8.0432632e+01 6.4694083e+03
8.0615582e+01 6.4988720e+03
8.0798948e+01 6.5284699e+03
8.0982730e+01 6.5582026e+03
8.1166931e+01 6.5880707e+03
8.1351551e+01 6.6180749e+03
8.1536591e+01 6.6482157e+03
8.1722052e+01 6.6784937e+03
8.1907934e+01 6.7089097e+03
8.2094239e+01 6.7394642e+03
8.2280969e+01 6.7701578e+03
8.2468122e+01 6.8009912e+03
8.2655702e+01 6.8319651e+03
8.2843708e+01 6.8630800e+03
8.3032142e+01 6.8943366e+03
8.3221004e+01 6.9257355e+03
8.3410296e+01 6.9572775e+03
8.3600019e+01 6.9889631e+03
8.3790173e+01 7.0207931e+03
8.3980759e+01 7.0527680e+03
8.4171780e+01 7.0848885e+03
8.4363234e+01 7.1171553e+03
8.4555124e+01 7.1495690e+03
8.4747451e+01 7.1821304e+03
8.4940215e+01 7.2148401e+03
8.5133417e+01 7.2476987e+03
8.5327059e+01 7.2807070e+03
8.5521141e+01 7.3138656e+03
8.5715665e+01 7.3471753e+03
8.5910632e+01 7.3806366e+03
8.6106041e+01 7.4142503e+03
8.6301895e+01 7.4480172e+03
8.6498195e+01 7.4819378e+03
8.6694941e+01 7.5160129e+03
8.6892135e+01 7.5502431e+03
8.7089777e+01 7.5846293e+03
8.7287869e+01 7.6191721e+03
8.7486411e+01 7.6538722e+03
8.7685405e+01 7.6887303e+03
8.7884852e+01 7.7237472e+03
8.8084752e+01 7.7589236e+03
8.8285107e+01 7.7942601e+03
8.8485918e+01 7.8297576e+03
8.8687185e+01 7.8654168e+03
8.8888910e+01 7.9012384e+03
8.9091094e+01 7.9372231e+03
8.9293738e+01 7.9733717e+03
8.9496843e+01 8.0096849e+03
8.9700410e+01 8.0461635e+03
8.9904440e+01 8.0828083e+03
9.0108934e+01 8.1196199e+03
9.0313893e+01 8.1565992e+03
9.0519318e+01 8.1937469e+03
9.0725211e+01 8.2310638e+03
9.0931571e+01 8.2685507e+03
9.1138402e+01 8.3062082e+03
9.1345702e+01 8.3440373e+03
9.1553474e+01 8.3820387e+03
9.1761719e+01 8.4202131e+03
9.1970438e+01 8.4585614e+03
9.2179631e+01 8.4970843e+03
9.2389300e+01 8.5357827e+03
9.2599446e+01 8.5746574e+03
9.2810070e+01 8.6137090e+03
9.3021173e+01 8.6529386e+03
9.3232756e+01 8.6923468e+03
9.3444820e+01 8.7319344e+03
9.3657367e+01 8.7717024e+03
9.3870397e+01 8.8116515e+03
9.4083912e+01 8.8517825e+03
9.4297912e+01 8.8920963e+03
9.4512400e+01 8.9325937e+03
9.4727375e+01 8.9732755e+03
9.4942839e+01 9.0141426e+03
9.5158793e+01 9.0551958e+03
9.5375238e+01 9.0964360e+03
9.5592176e+01 9.1378641e+03
9.5809607e+01 9.1794808e+03
9.6027532e+01 9.2212870e+03
9.6245954e+01 9.2632836e+03
9.6464872e+01 9.3054715e+03
9.6684288e+01 9.3478516e+03
9.6904203e+01 9.3904246e+03
9.7124619e+01 9.4331915e+03
9.7345535e+01 9.4761532e+03
9.7566955e+01 9.5193106e+03
9.7788877e+01 9.5626645e+03
9.8011305e+01 9.6062159e+03
9.8234239e+01 9.6499656e+03
9.8457679e+01 9.6939146e+03
9.8681628e+01 9.7380637e+03
9.8906086e+01 9.7824139e+03
9.9131055e+01 9.8269661e+03
9.9356536e+01 9.8717212e+03
9.9582529e+01 9.9166801e+03
9.9809036e+01 9.9618438e+03
1.0003606e+02 1.0007213e+04
1.0026360e+02 1.0052789e+04
1.0049165e+02 1.0098573e+04
1.0072023e+02 1.0144565e+04
1.0094933e+02 1.0190766e+04
1.0117894e+02 1.0237178e+04
1.0140908e+02 1.0283801e+04
1.0163974e+02 1.0330637e+04
1.0187093e+02 1.0377686e+04
1.0210264e+02 1.0424949e+04
1.0233488e+02 1.0472428e+04
1.0256765e+02 1.0520123e+04
1.0280095e+02 1.0568034e+04
1.0303477e+02 1.0616165e+04
1.0326913e+02 1.0664514e+04
1.0350403e+02 1.0713083e+04
1.0373945e+02 1.0761874e+04
1.0397542e+02 1.0810887e+04
1.0421192e+02 1.0860123e+04
1.0444895e+02 1.0909584e+04
1.0468653e+02 1.0959269e+04
1.0492465e+02 1.1009181e+04
1.0516330e+02 1.1059321e+04
1.0540251e+02 1.1109688e+04
1.0564225e+02 1.1160285e+04
1.0588254e+02 1.1211113e+04
1.0612338e+02 1.1262172e+04
1.0636476e+02 1.1313463e+04
1.0660670e+02 1.1364988e+04
1.0684918e+02 1.1416748e+04
1.0709222e+02 1.1468743e+04
1.0733581e+02 1.1520976e+04
1.0757995e+02 1.1573446e+04
1.0782465e+02 1.1626155e+04
1.0806990e+02 1.1679104e+04
1.0831572e+02 1.1732294e+04
1.0856209e+02 1.1785727e+04
1.0880902e+02 1.1839403e+04
1.0905651e+02 1.1893323e+04
1.0930457e+02 1.1947489e+04
1.0955319e+02 1.2001902e+04
1.0980238e+02 1.2056562e+04
1.1005213e+02 1.2111471e+04
1.1030245e+02 1.2166631e+04
1.1055334e+02 1.2222041e+04
1.1080480e+02 1.2277704e+04
1.1105684e+02 1.2333621e+04
1.1130944e+02 1.2389792e+04
1.1156262e+02 1.2446219e+04
1.1181638e+02 1.2502903e+04
1.1207072e+02 1.2559845e+04
1.1232563e+02 1.2617047e+04
1.1258112e+02 1.2674509e+04
1.1283719e+02 1.2732232e+04
1.1309385e+02 1.2790219e+04
1.1335109e+02 1.2848470e+04
1.1360891e+02 1.2906986e+04
1.1386733e+02 1.2965768e+04
1.1412633e+02 1.3024818e+04
1.1438591e+02 1.3084137e+04
1.1464609e+02 1.3143727e+04
1.1490686e+02 1.3203587e+04
1.1516823e+02 1.3263720e+04
1.1543018e+02 1.3324128e+04
1.1569274e+02 1.3384810e+04
1.1595589e+02 1.3445768e+04
1.1621964e+02 1.3507005e+04
1.1648399e+02 1.3568520e+04
1.1674894e+02 1.3630315e+04
1.1701449e+02 1.3692392e+04
1.1728065e+02 1.3754751e+04
1.1754741e+02 1.3817395e+04
1.1781478e+02 1.3880323e+04
1.1808276e+02 1.3943539e+04
1.1835135e+02 1.4007042e+04
1.1862055e+02 1.4070835e+04
1.1889036e+02 1.4134918e+04
1.1916078e+02 1.4199292e+04
1.1943182e+02 1.4263960e+04
1.1970348e+02 1.4328923e+04
1.1997575e+02 1.4394181e+04
1.2024865e+02 1.4459737e+04
1.2052216e+02 1.4525591e+04
1.2079630e+02 1.4591745e+04
1.2107106e+02 1.4658201e+04
1.2134644e+02 1.4724959e+04
1.2162245e+02 1.4792021e+04
1.2189909e+02 1.4859388e+04
1.2217636e+02 1.4927063e+04
1.2245426e+02 1.4995045e+04
1.2273279e+02 1.5063337e+04
1.2301195e+02 1.5131940e+04
1.2329175e+02 1.5200856e+04
1.2357219e+02 1.5270085e+04
1.2385326e+02 1.5339630e+04
1.2413497e+02 1.5409492e+04
1.2441733e+02 1.5479671e+04
1.2470032e+02 1.5550171e+04
1.2498396e+02 1.5620991e+04
1.2526825e+02 1.5692134e+04
1.2555318e+02 1.5763601e+04
1.2583876e+02 1.5835393e+04
1.2612499e+02 1.5907512e+04
1.2641187e+02 1.5979960e+04
1.2669940e+02 1.6052738e+04
1.2698759e+02 1.6125847e+04
1.2727643e+02 1.6199289e+04
1.2756593e+02 1.6273066e+04
1.2785609e+02 1.6347179e+04
1.2814690e+02 1.6421629e+04
1.2843838e+02 1.6496418e+04
1.2873052e+02 1.6571548e+04
1.2902333e+02 1.6647020e+04
1.2931680e+02 1.6722836e+04
1.2961094e+02 1.6798997e+04
1.2990575e+02 1.6875505e+04
1.3020123e+02 1.6952361e+04
1.3049738e+02 1.7029567e+04
1.3079421e+02 1.7107125e+04
1.3109171e+02 1.7185036e+04
1.3138989e+02 1.7263302e+04
1.3168874e+02 1.7341925e+04
1.3198828e+02 1.7420906e+04
1.3228849e+02 1.7500246e+04
1.3258939e+02 1.7579947e+04
1.3289098e+02 1.7660012e+04
1.3319325e+02 1.7740441e+04
1.3349620e+02 1.7821237e+04
1.3379985e+02 1.7902400e+04
1.3410419e+02 1.7983933e+04
1.3440922e+02 1.8065838e+04
1.3471494e+02 1.8148115e+04
1.3502136e+02 1.8230768e+04
1.3532848e+02 1.8313796e+04
1.3563629e+02 1.8397203e+04
1.3594480e+02 1.8480990e+04
1.3625402e+02 1.8565158e+04
1.3656394e+02 1.8649709e+04
1.3687456e+02 1.8734646e+04
1.3718589e+02 1.8819969e+04
1.3749793e+02 1.8905681e+04
1.3781068e+02 1.8991784e+04
1.3812414e+02 1.9078278e+04
1.3843831e+02 1.9165167e+04
1.3875320e+02 1.9252451e+04
1.3906881e+02 1.9340133e+04
1.3938513e+02 1.9428214e+04
1.3970217e+02 1.9516696e+04
1.4001993e+02 1.9605581e+04
1.4033842e+02 1.9694871e+04
1.4065763e+02 1.9784568e+04
1.4097756e+02 1.9874673e+04
1.4129822e+02 1.9965188e+04
1.4161962e+02 2.0056116e+04
1.4194174e+02 2.0147458e+04
1.4226460e+02 2.0239216e+04
1.4258819e+02 2.0331391e+04
1.4291251e+02 2.0423987e+04
1.4323758e+02 2.0517004e+04
1.4356338e+02 2.0610445e+04
1.4388993e+02 2.0704311e+04
1.4421722e+02 2.0798605e+04
1.4454525e+02 2.0893329e+04
1.4487403e+02 2.0988483e+04
1.4520355e+02 2.1084072e+04
1.4553383e+02 2.1180095e+04
1.4586485e+02 2.1276556e+04
1.4619663e+02 2.1373456e+04
1.4652917e+02 2.1470797e+04
1.4686246e+02 2.1568582e+04
1.4719651e+02 2.1666812e+04
1.4753132e+02 2.1765490e+04
1.4786689e+02 2.1864616e+04
1.4820322e+02 2.1964195e+04
1.4854032e+02 2.2064227e+04
1.4887819e+02 2.2164714e+04
1.4921682e+02 2.2265659e+04
1.4955622e+02 2.2367064e+04
1.4989640e+02 2.2468930e+04
1.5023735e+02 2.2571261e+04
1.5057907e+02 2.2674058e+04
1.5092158e+02 2.2777322e+04
1.5126486e+02 2.2881057e+04
1.5160892e+02 2.2985265e+04
1.5195377e+02 2.3089947e+04
1.5229940e+02 2.3195106e+04
1.5264581e+02 2.3300744e+04
1.5299301e+02 2.3406863e+04
1.5334101e+02 2.3513465e+04
1.5368979e+02 2.3620552e+04
1.5403937e+02 2.3728128e+04
1.5438974e+02 2.3836193e+04
1.5474091e+02 2.3944751e+04
1.5509288e+02 2.4053803e+04
1.5544565e+02 2.4163351e+04
1.5579923e+02 2.4273399e+04
1.5615360e+02 2.4383947e+04
1.5650878e+02 2.4494999e+04
1.5686477e+02 2.4606557e+04
1.5722157e+02 2.4718623e+04
1.5757919e+02 2.4831200e+04
1.5793761e+02 2.4944289e+04
1.5829685e+02 2.5057893e+04
1.5865691e+02 2.5172014e+04
1.5901778e+02 2.5286656e+04
1.5937948e+02 2.5401819e+04
1.5974200e+02 2.5517507e+04
1.6010534e+02 2.5633721e+04
1.6046952e+02 2.5750465e+04
1.6083451e+02 2.5867741e+04
1.6120034e+02 2.5985551e+04
1.6156701e+02 2.6103897e+04
1.6193450e+02 2.6222783e+04
1.6230283e+02 2.6342209e+04
1.6267200e+02 2.6462180e+04
1.6304201e+02 2.6582697e+04
1.6341286e+02 2.6703763e+04
1.6378455e+02 2.6825380e+04
1.6415709e+02 2.6947552e+04
1.6453048e+02 2.7070279e+04
1.6490472e+02 2.7193566e+04
1.6527980e+02 2.7317414e+04
1.6565574e+02 2.7441826e+04
1.6603254e+02 2.7566804e+04
1.6641019e+02 2.7692352e+04
1.6678870e+02 2.7818472e+04
1.6716808e+02 2.7945166e+04
1.6754831e+02 2.8072437e+04
1.6792941e+02 2.8200288e+04
1.6831138e+02 2.8328721e+04
1.6869422e+02 2.8457738e+04
1.6907792e+02 2.8587344e+04
1.6946250e+02 2.8717540e+04
1.6984796e+02 2.8848328e+04
1.7023429e+02 2.8979713e+04
1.7062150e+02 2.9111695e+04
1.7100959e+02 2.9244279e+04
1.7139856e+02 2.9377467e+04
1.7178842e+02 2.9511261e+04
1.7217916e+02 2.9645664e+04
1.7257080e+02 2.9780680e+04
1.7296332e+02 2.9916311e+04
1.7335674e+02 3.0052559e+04
1.7375105e+02 3.0189428e+04
1.7414626e+02 3.0326920e+04
1.7454237e+02 3.0465038e+04
1.7493938e+02 3.0603785e+04
1.7533729e+02 3.0743165e+04
1.7573611e+02 3.0883179e+04
1.7613583e+02 3.1023830e+04
1.7653646e+02 3.1165123e+04
1.7693801e+02 3.1307058e+04
1.7734046e+02 3.1449640e+04
1.7774384e+02 3.1592872e+04
1.7814813e+02 3.1736756e+04
1.7855334e+02 3.1881295e+04
1.7895947e+02 3.2026492e+04
1.7936653e+02 3.2172351e+04
1.7977451e+02 3.2318874e+04
1.8018342e+02 3.2466064e+04
1.8059326e+02 3.2613925e+04
1.8100403e+02 3.2762459e+04
1.8141574e+02 3.2911669e+04
1.8182838e+02 3.3061560e+04
1.8224196e+02 3.3212132e+04
1.8265648e+02 3.3363391e+04
1.8307195e+02 3.3515338e+04
1.8348836e+02 3.3667977e+04
1.8390571e+02 3.3821312e+04
1.8432402e+02 3.3975345e+04
1.8474328e+02 3.4130079e+04
1.8516349e+02 3.4285518e+04
1.8558466e+02 3.4441665e+04
1.8600678e+02 3.4598523e+04
1.8642987e+02 3.4756096e+04
1.8685392e+02 3.4914386e+04
1.8727893e+02 3.5073397e+04
1.8770491e+02 3.5233132e+04
1.8813186e+02 3.5393595e+04
1.8855977e+02 3.5554788e+04
1.8898867e+02 3.5716716e+04
1.8941853e+02 3.5879381e+04
1.8984938e+02 3.6042787e+04
1.9028121e+02 3.6206937e+04
1.9071401e+02 3.6371835e+04
1.9114781e+02 3.6537484e+04
1.9158259e+02 3.6703887e+04
1.9201835e+02 3.6871048e+04
1.9245511e+02 3.7038970e+04
1.9289286e+02 3.7207657e+04
1.9333161e+02 3.7377113e+04
1.9377136e+02 3.7547340e+04
1.9421211e+02 3.7718342e+04
1.9465386e+02 3.7890123e+04
1.9509661e+02 3.8062687e+04
1.9554037e+02 3.8236036e+04
1.9598514e+02 3.8410175e+04
1.9643092e+02 3.8585107e+04
1.9687772e+02 3.8760836e+04
1.9732553e+02 3.8937365e+04
1.9777436e+02 3.9114698e+04
1.9822421e+02 3.9292838e+04
1.9867509e+02 3.9471790e+04
1.9912699e+02 3.9651557e+04
1.9957992e+02 3.9832143e+04
2.0003387e+02 4.0013551e+04
2.0048886e+02 4.0195785e+04
2.0094489e+02 4.0378849e+04
2.0140195e+02 4.0562747e+04
2.0186006e+02 4.0747483e+04
2.0231920e+02 4.0933059e+04
2.0277939e+02 4.1119481e+04
2.0324063e+02 4.1306752e+04
2.0370291e+02 4.1494876e+04
2.0416625e+02 4.1683857e+04
2.0463064e+02 4.1873698e+04
2.0509609e+02 4.2064404e+04
2.0556259e+02 4.2255979e+04
2.0603016e+02 4.2448426e+04
2.0649879e+02 4.2641749e+04
2.0696848e+02 4.2835953e+04
2.0743925e+02 4.3031041e+04
2.0791108e+02 4.3227018e+04
2.0838399e+02 4.3423888e+04
2.0885797e+02 4.3621654e+04
2.0933304e+02 4.3820320e+04
2.0980918e+02 4.4019892e+04
2.1028640e+02 4.4220372e+04
2.1076472e+02 4.4421765e+04
2.1124411e+02 4.4624076e+04
2.1172460e+02 4.4827308e+04
2.1220619e+02 4.5031466e+04
2.1268886e+02 4.5236553e+04
2.1317264e+02 4.5442575e+04
2.1365752e+02 4.5649534e+04
2.1414350e+02 4.5857437e+04
2.1463058e+02 4.6066286e+04
2.1511877e+02 4.6276086e+04
2.1560807e+02 4.6486842e+04
2.1609849e+02 4.6698557e+04
2.1659002e+02 4.6911237e+04
2.1708267e+02 4.7124886e+04
2.1757644e+02 4.7339507e+04
2.1807133e+02 4.7555106e+04
2.1856735e+02 4.7771687e+04
2.1906450e+02 4.7989254e+04
2.1956278e+02 4.8207812e+04
2.2006219e+02 4.8427366e+04
2.2056273e+02 4.8647919e+04
2.2106442e+02 4.8869477e+04
2.2156725e+02 4.9092044e+04
2.2207122e+02 4.9315625e+04
2.2257633e+02 4.9540223e+04
2.2308260e+02 4.9765845e+04
2.2359001e+02 4.9992494e+04
2.2409859e+02 5.0220176e+04
2.2460831e+02 5.0448894e+04
2.2511920e+02 5.0678654e+04
2.2563125e+02 5.0909461e+04
2.2614446e+02 5.1141318e+04
2.2665885e+02 5.1374232e+04
2.2717440e+02 5.1608206e+04
2.2769112e+02 5.1843246e+04
2.2820902e+02 5.2079357e+04
2.2872810e+02 5.2316542e+04
2.2924836e+02 5.2554808e+04
2.2976980e+02 5.2794159e+04
2.3029242e+02 5.3034601e+04
2.3081624e+02 5.3276137e+04
2.3134125e+02 5.3518773e+04
2.3186745e+02 5.3762514e+04
2.3239485e+02 5.4007366e+04
2.3292345e+02 5.4253332e+04
2.3345325e+02 5.4500419e+04
2.3398425e+02 5.4748631e+04
2.3451647e+02 5.4997973e+04
2.3504989e+02 5.5248451e+04
2.3558453e+02 5.5500070e+04
2.3612038e+02 5.5752835e+04
2.3665745e+02 5.6006751e+04
2.3719575e+02 5.6261823e+04
2.3773527e+02 5.6518057e+04
2.3827601e+02 5.6775458e+04
2.3881799e+02 5.7034031e+04
2.3936120e+02 5.7293782e+04
2.3990564e+02 5.7554716e+04
2.4045132e+02 5.7816838e+04
2.4099824e+02 5.8080154e+04
2.4154641e+02 5.8344669e+04
2.4209583e+02 5.8610389e+04
2.4264649e+02 5.8877319e+04
2.4319841e+02 5.9145465e+04
2.4375158e+02 5.9414832e+04
2.4430601e+02 5.9685426e+04
2.4486170e+02 5.9957252e+04
2.4541865e+02 6.0230316e+04
2.4597688e+02 6.0504624e+04
2.4653637e+02 6.0780181e+04
2.4709713e+02 6.1056993e+04
2.4765917e+02 6.1335065e+04
2.4822249e+02 6.1614404e+04
2.4878709e+02 6.1895016e+04
2.4935297e+02 6.2176905e+04
2.4992014e+02 6.2460078e+04
2.5048860e+02 6.2744541e+04
2.5105836e+02 6.3030299e+04
2.5162941e+02 6.3317359e+04
2.5220176e+02 6.3605726e+04
2.5277541e+02 6.3895406e+04
2.5335036e+02 6.4186406e+04
2.5392663e+02 6.4478731e+04
2.5450420e+02 6.4772387e+04
2.5508309e+02 6.5067381e+04
2.5566329e+02 6.5363718e+04
2.5624481e+02 6.5661405e+04
2.5682766e+02 6.5960448e+04
2.5741183e+02 6.6260852e+04
2.5799734e+02 6.6562625e+04
2.5858417e+02 6.6865772e+04
2.5917234e+02 6.7170300e+04
2.5976184e+02 6.7476214e+04
2.6035269e+02 6.7783522e+04
2.6094488e+02 6.8092230e+04
2.6153842e+02 6.8402343e+04
2.6213330e+02 6.8713869e+04
2.6272954e+02 6.9026813e+04
2.6332714e+02 6.9341183e+04
2.6392610e+02 6.9656984e+04
2.6452641e+02 6.9974224e+04
2.6512810e+02 7.0292909e+04
2.6573115e+02 7.0613045e+04
2.6633557e+02 7.0934638e+04
2.6694137e+02 7.1257697e+04
2.6754855e+02 7.1582227e+04
2.6815711e+02 7.1908235e+04
2.6876705e+02 7.2235727e+04
2.6937838e+02 7.2564712e+04
2.6999110e+02 7.2895194e+04
2.7060521e+02 7.3227182e+04
2.7122072e+02 7.3560681e+04
2.7183763e+02 7.3895699e+04
2.7245595e+02 7.4232244e+04
2.7307567e+02 7.4570321e+04
2.7369680e+02 7.4909937e+04
2.7431934e+02 7.5251100e+04
2.7494330e+02 7.5593818e+04
2.7556868e+02 7.5938096e+04
2.7619548e+02 7.6283941e+04
2.7682370e+02 7.6631362e+04
2.7745336e+02 7.6980366e+04
2.7808444e+02 7.7330958e+04
2.7871697e+02 7.7683148e+04
2.7935093e+02 7.8036941e+04
2.7998633e+02 7.8392346e+04
2.8062318e+02 7.8749369e+04
2.8126148e+02 7.9108018e+04
2.8190123e+02 7.9468301e+04
2.8254243e+02 7.9830225e+04
2.8318509e+02 8.0193797e+04
2.8382922e+02 8.0559024e+04
2.8447481e+02 8.0925915e+04
2.8512186e+02 8.1294477e+04
2.8577039e+02 8.1664718e+04
2.8642040e+02 8.2036644e+04
2.8707188e+02 8.2410265e+04
2.8772485e+02 8.2785587e+04
2.8837930e+02 8.3162619e+04
2.8903524e+02 8.3541367e+04
2.8969267e+02 8.3921841e+04
2.9035159e+02 8.4304047e+04
2.9101202e+02 8.4687994e+04
2.9167394e+02 8.5073690e+04
2.9233738e+02 8.5461142e+04
2.9300232e+02 8.5850359e+04
2.9366877e+02 8.6241348e+04
2.9433674e+02 8.6634119e+04
2.9500623e+02 8.7028677e+04
2.9567725e+02 8.7425033e+04
2.9634978e+02 8.7823194e+04
2.9702385e+02 8.8223169e+04
2.9769945e+02 8.8624965e+04
2.9837659e+02 8.9028591e+04
2.9905527e+02 8.9434055e+04
2.9973549e+02 8.9841365e+04
3.0041726e+02 9.0250531e+04
3.0110058e+02 9.0661560e+04
3.0178546e+02 9.1074461e+04
3.0247189e+02 9.1489243e+04
3.0315988e+02 9.1905914e+04
3.0384944e+02 9.2324482e+04
3.0454057e+02 9.2744957e+04
3.0523327e+02 9.3167346e+04
3.0592754e+02 9.3591660e+04
3.0662339e+02 9.4017905e+04
3.0732083e+02 9.4446092e+04
3.0801985e+02 9.4876229e+04
3.0872046e+02 9.5308325e+04
3.0942267e+02 9.5742389e+04
3.1012647e+02 9.6178430e+04
3.1083188e+02 9.6616457e+04
3.1153889e+02 9.7056479e+04
3.1224750e+02 9.7498504e+04
3.1295773e+02 9.7942543e+04
3.1366958e+02 9.8388604e+04
3.1438304e+02 9.8836697e+04
3.1509813e+02 9.9286830e+04
3.1581484e+02 9.9739013e+04
3.1653318e+02 1.0019326e+05
3.1725316e+02 1.0064957e+05
3.1797477e+02 1.0110796e+05
3.1869803e+02 1.0156843e+05
3.1942293e+02 1.0203101e+05
3.2014948e+02 1.0249569e+05
3.2087768e+02 1.0296249e+05
3.2160754e+02 1.0343141e+05
3.2233906e+02 1.0390247e+05
3.2307224e+02 1.0437567e+05
3.2380709e+02 1.0485103e+05
3.2454362e+02 1.0532856e+05
3.2528181e+02 1.0580826e+05
3.2602169e+02 1.0629014e+05
3.2676325e+02 1.0677422e+05
3.2750649e+02 1.0726050e+05
3.2825143e+02 1.0774900e+05
3.2899806e+02 1.0823972e+05
3.2974639e+02 1.0873268e+05
3.3049642e+02 1.0922788e+05
3.3124816e+02 1.0972534e+05
3.3200161e+02 1.1022507e+05
3.3275677e+02 1.1072707e+05
3.3351364e+02 1.1123135e+05
3.3427224e+02 1.1173793e+05
3.3503257e+02 1.1224682e+05
3.3579463e+02 1.1275803e+05
3.3655841e+02 1.1327157e+05
3.3732394e+02 1.1378744e+05
3.3809121e+02 1.1430566e+05
3.3886022e+02 1.1482625e+05
3.3963098e+02 1.1534920e+05
3.4040349e+02 1.1587454e+05
3.4117777e+02 1.1640227e+05
3.4195380e+02 1.1693240e+05
3.4273160e+02 1.1746495e+05
3.4351116e+02 1.1799992e+05
3.4429250e+02 1.1853733e+05
3.4507562e+02 1.1907718e+05
3.4586052e+02 1.1961950e+05
3.4664720e+02 1.2016428e+05
3.4743568e+02 1.2071155e+05
3.4822594e+02 1.2126131e+05
3.4901801e+02 1.2181357e+05
3.4981187e+02 1.2236835e+05
3.5060754e+02 1.2292565e+05
3.5140503e+02 1.2348549e+05
3.5220432e+02 1.2404788e+05
3.5300543e+02 1.2461284e+05
3.5380837e+02 1.2518036e+05
3.5461313e+02 1.2575047e+05
3.5541972e+02 1.2632318e+05
3.5622815e+02 1.2689850e+05
3.5703842e+02 1.2747643e+05
3.5785053e+02 1.2805700e+05
3.5866448e+02 1.2864021e+05
3.5948029e+02 1.2922608e+05
3.6029795e+02 1.2981461e+05
3.6111747e+02 1.3040583e+05
3.6193886e+02 1.3099974e+05
3.6276212e+02 1.3159635e+05
3.6358724e+02 1.3219568e+05
3.6441425e+02 1.3279775e+05
3.6524314e+02 1.3340255e+05
3.6607391e+02 1.3401010e+05
3.6690657e+02 1.3462043e+05
3.6774112e+02 1.3523353e+05
3.6857757e+02 1.3584943e+05
3.6941593e+02 1.3646813e+05
3.7025619e+02 1.3708965e+05
3.7109837e+02 1.3771400e+05
3.7194245e+02 1.3834119e+05
3.7278846e+02 1.3897124e+05
3.7363640e+02 1.3960416e+05
3.7448626e+02 1.4023996e+05
3.7533805e+02 1.4087866e+05
3.7619179e+02 1.4152026e+05
3.7704746e+02 1.4216479e+05
3.7790508e+02 1.4281225e+05
3.7876465e+02 1.4346266e+05
3.7962618e+02 1.4411604e+05
3.8048967e+02 1.4477239e+05
3.8135512e+02 1.4543173e+05
3.8222254e+02 1.4609407e+05
3.8309193e+02 1.4675943e+05
3.8396330e+02 1.4742781e+05
3.8483665e+02 1.4809925e+05
3.8571199e+02 1.4877374e+05
3.8658932e+02 1.4945130e+05
3.8746864e+02 1.5013195e+05
3.8834996e+02 1.5081569e+05
3.8923329e+02 1.5150256e+05
3.9011863e+02 1.5219255e+05
3.9100598e+02 1.5288568e+05
3.9189535e+02 1.5358197e+05
3.9278675e+02 1.5428143e+05
3.9368017e+02 1.5498407e+05
3.9457562e+02 1.5568992e+05
3.9547311e+02 1.5639898e+05
3.9637264e+02 1.5711127e+05
3.9727422e+02 1.5782681e+05
3.9817785e+02 1.5854560e+05
3.9908353e+02 1.5926766e+05
3.9999127e+02 1.5999302e+05
4.0090108e+02 1.6072168e+05
4.0181296e+02 1.6145365e+05
4.0272691e+02 1.6218897e+05
4.0364294e+02 1.6292762e+05
4.0456106e+02 1.6366965e+05
4.0548126e+02 1.6441505e+05
4.0640355e+02 1.6516385e+05
4.0732795e+02 1.6591606e+05
4.0825444e+02 1.6667169e+05
4.0918305e+02 1.6743077e+05
4.1011376e+02 1.6819330e+05
4.1104659e+02 1.6895930e+05
4.1198155e+02 1.6972880e+05
4.1291863e+02 1.7050179e+05
4.1385784e+02 1.7127831e+05
4.1479919e+02 1.7205837e+05
4.1574268e+02 1.7284198e+05
4.1668832e+02 1.7362915e+05
4.1763610e+02 1.7441991e+05
4.1858604e+02 1.7521428e+05
4.1953815e+02 1.7601226e+05
4.2049242e+02 1.7681387e+05
4.2144886e+02 1.7761914e+05
4.2240747e+02 1.7842807e+05
4.2336827e+02 1.7924069e+05
4.2433125e+02 1.8005701e+05
4.2529642e+02 1.8087704e+05
4.2626378e+02 1.8170081e+05
4.2723335e+02 1.8252834e+05
4.2820512e+02 1.8335963e+05
4.2917911e+02 1.8419470e+05
4.3015530e+02 1.8503358e+05
4.3113372e+02 1.8587629e+05
4.3211437e+02 1.8672282e+05
4.3309724e+02 1.8757322e+05
4.3408235e+02 1.8842749e+05
4.3506970e+02 1.8928564e+05
4.3605930e+02 1.9014771e+05
4.3705114e+02 1.9101370e+05
4.3804525e+02 1.9188364e+05
4.3904161e+02 1.9275754e+05
4.4004024e+02 1.9363541e+05
4.4104114e+02 1.9451729e+05
4.4204432e+02 1.9540318e+05
4.4304978e+02 1.9629311e+05
4.4405753e+02 1.9718709e+05
4.4506757e+02 1.9808514e+05
4.4607991e+02 1.9898729e+05
4.4709455e+02 1.9989354e+05
4.4811150e+02 2.0080391e+05
4.4913076e+02 2.0171844e+05
4.5015234e+02 2.0263713e+05
4.5117624e+02 2.0356000e+05
4.5220247e+02 2.0448708e+05
4.5323104e+02 2.0541837e+05
4.5426194e+02 2.0635391e+05
4.5529519e+02 2.0729371e+05
4.5633079e+02 2.0823779e+05
4.5736875e+02 2.0918617e+05
4.5840907e+02 2.1013887e+05
4.5945175e+02 2.1109591e+05
4.6049681e+02 2.1205731e+05
4.6154424e+02 2.1302308e+05
4.6259405e+02 2.1399326e+05
4.6364626e+02 2.1496785e+05
4.6470085e+02 2.1594688e+05
4.6575785e+02 2.1693037e+05
4.6681724e+02 2.1791834e+05
4.6787905e+02 2.1891081e+05
4.6894328e+02 2.1990780e+05
4.7000992e+02 2.2090933e+05
4.7107899e+02 2.2191542e+05
4.7215049e+02 2.2292609e+05
4.7322443e+02 2.2394136e+05
4.7430081e+02 2.2496126e+05
4.7537965e+02 2.2598581e+05
4.7646093e+02 2.2701502e+05
4.7754467e+02 2.2804891e+05
4.7863088e+02 2.2908752e+05
4.7971956e+02 2.3013086e+05
4.8081072e+02 2.3117895e+05
4.8190435e+02 2.3223181e+05
4.8300048e+02 2.3328946e+05
4.8409910e+02 2.3435194e+05
4.8520021e+02 2.3541925e+05
4.8630384e+02 2.3649142e+05
4.8740997e+02 2.3756848e+05
4.8851862e+02 2.3865044e+05
4.8962979e+02 2.3973733e+05
4.9074348e+02 2.4082917e+05
4.9185971e+02 2.4192598e+05
4.9297848e+02 2.4302778e+05
4.9409980e+02 2.4413461e+05
4.9522366e+02 2.4524648e+05
4.9635008e+02 2.4636340e+05
4.9747907e+02 2.4748542e+05
4.9861062e+02 2.4861255e+05
4.9974474e+02 2.4974481e+05
5.0088145e+02 2.5088222e+05
5.0202074e+02 2.5202482e+05
5.0316262e+02 2.5317262e+05
5.0430709e+02 2.5432565e+05
5.0545418e+02 2.5548392e+05
5.0660387e+02 2.5664748e+05
5.0775617e+02 2.5781633e+05
5.0891110e+02 2.5899051e+05
5.1006865e+02 2.6017003e+05
5.1122884e+02 2.6135493e+05
5.1239167e+02 2.6254522e+05
5.1355714e+02 2.6374093e+05
5.1472526e+02 2.6494209e+05
5.1589604e+02 2.6614872e+05
5.1706948e+02 2.6736085e+05
5.1824559e+02 2.6857849e+05
5.1942438e+02 2.6980168e+05
5.2060584e+02 2.7103044e+05
5.2179000e+02 2.7226480e+05
5.2297684e+02 2.7350478e+05
5.2416639e+02 2.7475041e+05
5.2535864e+02 2.7600171e+05
5.2655361e+02 2.7725870e+05
5.2775129e+02 2.7852143e+05
5.2895170e+02 2.7978990e+05
5.3015484e+02 2.8106415e+05
5.3136071e+02 2.8234421e+05
5.3256933e+02 2.8363009e+05
5.3378069e+02 2.8492183e+05
5.3499482e+02 2.8621945e+05
5.3621170e+02 2.8752299e+05
5.3743135e+02 2.8883246e+05
5.3865378e+02 2.9014789e+05
5.3987898e+02 2.9146931e+05
5.4110697e+02 2.9279676e+05
5.4233776e+02 2.9413024e+05
5.4357134e+02 2.9546981e+05
5.4480774e+02 2.9681547e+05
5.4604694e+02 2.9816726e+05
5.4728896e+02 2.9952521e+05
5.4853381e+02 3.0088934e+05
5.4978149e+02 3.0225968e+05
5.5103200e+02 3.0363627e+05
5.5228536e+02 3.0501912e+05
5.5354157e+02 3.0640827e+05
5.5480064e+02 3.0780375e+05
5.5606258e+02 3.0920559e+05
5.5732738e+02 3.1061381e+05
5.5859506e+02 3.1202844e+05
5.5986562e+02 3.1344952e+05
5.6113908e+02 3.1487706e+05
5.6241543e+02 3.1631111e+05
5.6369468e+02 3.1775169e+05
5.6497684e+02 3.1919883e+05
5.6626192e+02 3.2065256e+05
5.6754992e+02 3.2211292e+05
5.6884086e+02 3.2357992e+05
5.7013472e+02 3.2505360e+05
5.7143154e+02 3.2653400e+05
5.7273130e+02 3.2802114e+05
5.7403401e+02 3.2951505e+05
5.7533969e+02 3.3101576e+05
5.7664834e+02 3.3252331e+05
5.7795997e+02 3.3403773e+05
5.7927458e+02 3.3555904e+05
5.8059218e+02 3.3708728e+05
5.8191278e+02 3.3862248e+05
5.8323638e+02 3.4016468e+05
5.8456299e+02 3.4171389e+05
5.8589262e+02 3.4327016e+05
5.8722528e+02 3.4483352e+05
5.8856096e+02 3.4640400e+05
5.8989968e+02 3.4798164e+05
5.9124145e+02 3.4956645e+05
5.9258627e+02 3.5115849e+05
5.9393415e+02 3.5275778e+05
5.9528510e+02 3.5436434e+05
5.9663911e+02 3.5597823e+05
5.9799621e+02 3.5759947e+05
5.9935639e+02 3.5922809e+05
6.0071967e+02 3.6086412e+05
6.0208605e+02 3.6250761e+05
6.0345554e+02 3.6415859e+05
6.0482814e+02 3.6581708e+05
6.0620386e+02 3.6748312e+05
6.0758272e+02 3.6915676e+05
6.0896471e+02 3.7083801e+05
6.1034984e+02 3.7252693e+05
6.1173812e+02 3.7422353e+05
6.1312956e+02 3.7592786e+05
6.1452417e+02 3.7763995e+05
6.1592195e+02 3.7935985e+05
6.1732290e+02 3.8108757e+05
6.1872705e+02 3.8282316e+05
6.2013439e+02 3.8456666e+05
6.2154493e+02 3.8631809e+05
6.2295867e+02 3.8807751e+05
6.2437564e+02 3.8984493e+05
6.2579582e+02 3.9162041e+05
6.2721924e+02 3.9340397e+05
6.2864589e+02 3.9519566e+05
6.3007579e+02 3.9699550e+05
6.3150894e+02 3.9880354e+05
6.3294535e+02 4.0061982e+05
6.3438503e+02 4.0244437e+05
6.3582799e+02 4.0427723e+05
6.3727422e+02 4.0611843e+05
6.3872375e+02 4.0796802e+05
6.4017657e+02 4.0982604e+05
6.4163269e+02 4.1169251e+05
6.4309213e+02 4.1356749e+05
6.4455489e+02 4.1545101e+05
6.4602097e+02 4.1734310e+05
6.4749039e+02 4.1924381e+05
6.4896316e+02 4.2115318e+05
6.5043927e+02 4.2307124e+05
6.5191874e+02 4.2499804e+05
6.5340157e+02 4.2693362e+05
6.5488778e+02 4.2887800e+05
6.5637737e+02 4.3083125e+05
6.5787034e+02 4.3279339e+05
6.5936672e+02 4.3476447e+05
6.6086649e+02 4.3674452e+05
6.6236968e+02 4.3873359e+05
6.6387629e+02 4.4073172e+05
6.6538632e+02 4.4273895e+05
6.6689979e+02 4.4475532e+05
6.6841670e+02 4.4678088e+05
6.6993706e+02 4.4881566e+05
6.7146088e+02 4.5085971e+05
6.7298816e+02 4.5291306e+05
6.7451892e+02 4.5497577e+05
6.7605316e+02 4.5704787e+05
6.7759089e+02 4.5912941e+05
6.7913212e+02 4.6122043e+05
6.8067685e+02 4.6332097e+05
6.8222510e+02 4.6543108e+05
6.8377687e+02 4.6755080e+05
6.8533216e+02 4.6968018e+05
6.8689100e+02 4.7181925e+05
6.8845338e+02 4.7396806e+05
6.9001932e+02 4.7612666e+05
6.9158881e+02 4.7829509e+05
6.9316188e+02 4.8047339e+05
6.9473853e+02 4.8266162e+05
6.9631876e+02 4.8485981e+05
6.9790258e+02 4.8706802e+05
6.9949001e+02 4.8928628e+05
7.0108105e+02 4.9151464e+05
7.0267571e+02 4.9375315e+05
7.0427399e+02 4.9600186e+05
7.0587591e+02 4.9826080e+05
7.0748148e+02 5.0053004e+05
7.0909069e+02 5.0280961e+05
7.1070357e+02 5.0509956e+05
7.1232011e+02 5.0739995e+05
7.1394034e+02 5.0971080e+05
7.1556424e+02 5.1203219e+05
7.1719184e+02 5.1436414e+05
7.1882315e+02 5.1670672e+05
7.2045816e+02 5.1905996e+05
7.2209689e+02 5.2142392e+05
7.2373935e+02 5.2379865e+05
7.2538555e+02 5.2618419e+05
7.2703549e+02 5.2858060e+05
7.2868918e+02 5.3098792e+05
7.3034664e+02 5.3340621e+05
7.3200786e+02 5.3583551e+05
7.3367286e+02 5.3827587e+05
7.3534165e+02 5.4072735e+05
7.3701424e+02 5.4318999e+05
7.3869063e+02 5.4566385e+05
7.4037083e+02 5.4814897e+05
7.4205486e+02 5.5064541e+05
7.4374271e+02 5.5315323e+05
7.4543441e+02 5.5567246e+05
7.4712995e+02 5.5820316e+05
7.4882935e+02 5.6074540e+05
7.5053262e+02 5.6329921e+05
7.5223975e+02 5.6586465e+05
7.5395078e+02 5.6844177e+05
7.5566569e+02 5.7103063e+05
7.5738450e+02 5.7363129e+05
7.5910723e+02 5.7624378e+05
7.6083387e+02 5.7886818e+05
7.6256444e+02 5.8150453e+05
7.6429895e+02 5.8415288e+05
7.6603740e+02 5.8681329e+05
7.6777980e+02 5.8948583e+05
7.6952617e+02 5.9217053e+05
7.7127651e+02 5.9486746e+05
7.7303084e+02 5.9757667e+05
7.7478915e+02 6.0029822e+05
7.7655146e+02 6.0303217e+05
7.7831778e+02 6.0577857e+05
7.8008812e+02 6.0853747e+05
7.8186248e+02 6.1130894e+05
7.8364088e+02 6.1409304e+05
7.8542333e+02 6.1688981e+05
7.8720983e+02 6.1969932e+05
7.8900039e+02 6.2252162e+05
7.9079503e+02 6.2535678e+05
7.9259375e+02 6.2820485e+05
7.9439656e+02 6.3106589e+05
7.9620347e+02 6.3393997e+05
7.9801449e+02 6.3682713e+05
7.9982963e+02 6.3972744e+05
8.0164890e+02 6.4264096e+05
8.0347230e+02 6.4556774e+05
8.0529986e+02 6.4850786e+05
8.0713157e+02 6.5146137e+05
8.0896745e+02 6.5442833e+05
8.1080750e+02 6.5740880e+05
8.1265174e+02 6.6040285e+05
8.1450017e+02 6.6341053e+05
8.1635281e+02 6.6643191e+05
8.1820966e+02 6.6946705e+05
8.2007073e+02 6.7251601e+05
8.2193604e+02 6.7557886e+05
8.2380559e+02 6.7865566e+05
8.2567940e+02 6.8174647e+05
8.2755746e+02 6.8485135e+05
8.2943980e+02 6.8797038e+05
8.3132642e+02 6.9110361e+05
8.3321733e+02 6.9425112e+05
8.3511254e+02 6.9741295e+05
8.3701206e+02 7.0058919e+05
8.3891590e+02 7.0377989e+05
8.4082408e+02 7.0698513e+05
8.4273659e+02 7.1020496e+05
8.4465345e+02 7.1343946e+05
8.4657468e+02 7.1668868e+05
8.4850027e+02 7.1995271e+05
8.5043024e+02 7.2323160e+05
8.5236461e+02 7.2652542e+05
8.5430337e+02 7.2983425e+05
8.5624654e+02 7.3315814e+05
8.5819413e+02 7.3649717e+05
8.6014616e+02 7.3985141e+05
8.6210262e+02 7.4322092e+05
8.6406353e+02 7.4660579e+05
8.6602890e+02 7.5000606e+05
8.6799875e+02 7.5342183e+05
8.6997307e+02 7.5685314e+05
8.7195189e+02 7.6030009e+05
8.7393520e+02 7.6376274e+05
8.7592303e+02 7.6724115e+05
8.7791538e+02 7.7073541e+05
8.7991226e+02 7.7424558e+05
8.8191368e+02 7.7777173e+05
8.8391965e+02 7.8131395e+05
8.8593019e+02 7.8487230e+05
8.8794530e+02 7.8844685e+05
8.8996499e+02 7.9203769e+05
8.9198928e+02 7.9564488e+05
8.9401817e+02 7.9926849e+05
8.9605168e+02 8.0290861e+05
8.9808981e+02 8.0656531e+05
9.0013258e+02 8.1023866e+05
9.0217999e+02 8.1392874e+05
9.0423206e+02 8.1763563e+05
9.0628880e+02 8.2135940e+05
9.0835022e+02 8.2510012e+05
9.1041633e+02 8.2885789e+05
9.1248713e+02 8.3263277e+05
9.1456265e+02 8.3642484e+05
9.1664288e+02 8.4023418e+05
9.1872785e+02 8.4406087e+05
9.2081756e+02 8.4790498e+05
9.2291203e+02 8.5176661e+05
9.2501126e+02 8.5564582e+05
9.2711526e+02 8.5954270e+05
9.2922405e+02 8.6345733e+05
9.3133763e+02 8.6738978e+05
9.3345602e+02 8.7134015e+05
9.3557923e+02 8.7530850e+05
9.3770727e+02 8.7929493e+05
9.3984016e+02 8.8329952e+05
9.4197789e+02 8.8732234e+05
9.4412048e+02 8.9136348e+05
9.4626795e+02 8.9542303e+05
9.4842030e+02 8.9950107e+05
9.5057755e+02 9.0359768e+05
9.5273971e+02 9.0771295e+05
9.5490678e+02 9.1184696e+05
9.5707878e+02 9.1599979e+05
9.5925572e+02 9.2017154e+05
9.6143762e+02 9.2436229e+05
9.6362447e+02 9.2857213e+05
9.6581631e+02 9.3280114e+05
9.6801312e+02 9.3704941e+05
9.7021494e+02 9.4131702e+05
9.7242176e+02 9.4560407e+05
9.7463360e+02 9.4991065e+05
9.7685047e+02 9.5423684e+05
9.7907239e+02 9.5858274e+05
9.8129935e+02 9.6294842e+05
9.8353139e+02 9.6733399e+05
9.8576850e+02 9.7173953e+05
9.8801070e+02 9.7616514e+05
9.9025800e+02 9.8061090e+05
9.9251041e+02 9.8507691e+05
9.9476794e+02 9.8956326e+05
9.9703061e+02 9.9407004e+05
9.9929843e+02 9.9859735e+05
1.0015714e+03 1.0031453e+06
1.0038495e+03 1.0077139e+06
1.0061329e+03 1.0123034e+06
1.0084214e+03 1.0169137e+06
1.0107151e+03 1.0215450e+06
1.0130141e+03 1.0261975e+06
1.0153182e+03 1.0308711e+06
1.0176276e+03 1.0355660e+06
1.0199423e+03 1.0402823e+06
1.0222622e+03 1.0450201e+06
1.0245874e+03 1.0497794e+06
1.0269179e+03 1.0545605e+06
1.0292537e+03 1.0593633e+06
1.0315948e+03 1.0641879e+06
1.0339413e+03 1.0690346e+06
1.0362931e+03 1.0739033e+06
1.0386502e+03 1.0787942e+06
1.0410127e+03 1.0837073e+06
1.0433805e+03 1.0886429e+06
1.0457538e+03 1.0936009e+06
1.0481324e+03 1.0985815e+06
1.0505164e+03 1.1035848e+06
1.0529059e+03 1.1086109e+06
1.0553008e+03 1.1136598e+06
1.0577012e+03 1.1187318e+06
1.0601070e+03 1.1238268e+06
1.0625183e+03 1.1289451e+06
1.0649351e+03 1.1340867e+06
1.0673573e+03 1.1392517e+06
1.0697851e+03 1.1444402e+06
1.0722184e+03 1.1496523e+06
1.0746572e+03 1.1548882e+06
1.0771016e+03 1.1601479e+06
1.0795516e+03 1.1654316e+06
1.0820071e+03 1.1707393e+06
1.0844682e+03 1.1760712e+06
1.0869349e+03 1.1814274e+06
1.0894072e+03 1.1868080e+06
1.0918851e+03 1.1922131e+06
1.0943687e+03 1.1976428e+06
1.0968579e+03 1.2030973e+06
1.0993528e+03 1.2085766e+06
1.1018533e+03 1.2140808e+06
1.1043596e+03 1.2196101e+06
1.1068715e+03 1.2251646e+06
1.1093892e+03 1.2307444e+06
1.1119126e+03 1.2363496e+06
1.1144417e+03 1.2419803e+06
1.1169766e+03 1.2476366e+06
1.1195172e+03 1.2533188e+06
1.1220636e+03 1.2590268e+06
1.1246158e+03 1.2647608e+06
1.1271739e+03 1.2705209e+06
1.1297377e+03 1.2763073e+06
1.1323074e+03 1.2821200e+06
1.1348829e+03 1.2879591e+06
1.1374642e+03 1.2938249e+06
1.1400515e+03 1.2997174e+06
1.1426446e+03 1.3056367e+06
1.1452436e+03 1.3115830e+06
1.1478486e+03 1.3175563e+06
1.1504594e+03 1.3235569e+06
1.1530762e+03 1.3295848e+06
1.1556990e+03 1.3356401e+06
1.1583277e+03 1.3417231e+06
1.1609624e+03 1.3478337e+06
1.1636031e+03 1.3539722e+06
1.1662498e+03 1.3601386e+06
1.1689025e+03 1.3663331e+06
1.1715613e+03 1.3725558e+06
1.1742261e+03 1.3788068e+06
1.1768969e+03 1.3850863e+06
1.1795738e+03 1.3913945e+06
1.1822569e+03 1.3977313e+06
1.1849460e+03 1.4040970e+06
1.1876412e+03 1.4104917e+06
1.1903426e+03 1.4169155e+06
1.1930501e+03 1.4233686e+06
1.1957638e+03 1.4298511e+06
1.1984837e+03 1.4363631e+06
1.2012097e+03 1.4429047e+06
1.2039419e+03 1.4494762e+06
1.2066804e+03 1.4560775e+06
1.2094251e+03 1.4627090e+06
1.2121760e+03 1.4693706e+06
1.2149332e+03 1.4760626e+06
1.2176966e+03 1.4827850e+06
1.2204663e+03 1.4895381e+06
1.2232424e+03 1.4963219e+06
1.2260247e+03 1.5031366e+06
1.2288134e+03 1.5099824e+06
1.2316084e+03 1.5168593e+06
1.2344098e+03 1.5237676e+06
1.2372176e+03 1.5307073e+06
1.2400317e+03 1.5376786e+06
1.2428522e+03 1.5446817e+06
1.2456792e+03 1.5517166e+06
1.2485126e+03 1.5587836e+06
1.2513524e+03 1.5658828e+06
1.2541987e+03 1.5730143e+06
1.2570515e+03 1.5801783e+06
1.2599107e+03 1.5873750e+06
1.2627765e+03 1.5946044e+06
1.2656487e+03 1.6018667e+06
1.2685275e+03 1.6091621e+06
1.2714129e+03 1.6164907e+06
1.2743048e+03 1.6238527e+06
1.2772033e+03 1.6312483e+06
1.2801084e+03 1.6386775e+06
1.2830201e+03 1.6461405e+06
1.2859384e+03 1.6536376e+06
1.2888634e+03 1.6611688e+06
1.2917950e+03 1.6687343e+06
1.2947333e+03 1.6763342e+06
1.2976782e+03 1.6839687e+06
1.3006299e+03 1.6916381e+06
1.3035882e+03 1.6993423e+06
1.3065533e+03 1.7070817e+06
1.3095252e+03 1.7148562e+06
1.3125038e+03 1.7226662e+06
1.3154892e+03 1.7305118e+06
1.3184814e+03 1.7383931e+06
1.3214803e+03 1.7463103e+06
1.3244861e+03 1.7542635e+06
1.3274988e+03 1.7622530e+06
1.3305183e+03 1.7702788e+06
1.3335446e+03 1.7783412e+06
1.3365779e+03 1.7864404e+06
1.3396180e+03 1.7945764e+06
1.3426650e+03 1.8027494e+06
1.3457190e+03 1.8109597e+06
1.3487800e+03 1.8192074e+06
1.3518479e+03 1.8274926e+06
1.3549227e+03 1.8358156e+06
1.3580046e+03 1.8441765e+06
1.3610935e+03 1.8525754e+06
1.3641894e+03 1.8610127e+06
1.3672923e+03 1.8694883e+06
1.3704023e+03 1.8780025e+06
1.3735194e+03 1.8865555e+06
1.3766436e+03 1.8951475e+06
1.3797748e+03 1.9037786e+06
1.3829132e+03 1.9124490e+06
1.3860588e+03 1.9211589e+06
1.3892115e+03 1.9299085e+06
1.3923713e+03 1.9386979e+06
1.3955384e+03 1.9475273e+06
1.3987126e+03 1.9563970e+06
1.4018941e+03 1.9653070e+06
1.4050828e+03 1.9742576e+06
1.4082787e+03 1.9832490e+06
1.4114820e+03 1.9922813e+06
1.4146925e+03 2.0013548e+06
1.4179103e+03 2.0104696e+06
1.4211354e+03 2.0196259e+06
1.4243679e+03 2.0288239e+06
1.4276077e+03 2.0380638e+06
1.4308549e+03 2.0473458e+06
1.4341095e+03 2.0566701e+06
1.4373715e+03 2.0660368e+06
1.4406409e+03 2.0754462e+06
1.4439177e+03 2.0848984e+06
1.4472020e+03 2.0943937e+06
1.4504938e+03 2.1039322e+06
1.4537930e+03 2.1135142e+06
1.4570998e+03 2.1231398e+06
1.4604141e+03 2.1328092e+06
1.4637359e+03 2.1425227e+06
1.4670652e+03 2.1522804e+06
1.4704022e+03 2.1620826e+06
1.4737467e+03 2.1719294e+06
1.4770989e+03 2.1818210e+06
1.4804586e+03 2.1917577e+06
1.4838260e+03 2.2017397e+06
1.4872011e+03 2.2117671e+06
1.4905838e+03 2.2218402e+06
1.4939743e+03 2.2319591e+06
1.4973724e+03 2.2421242e+06
1.5007783e+03 2.2523355e+06
1.5041919e+03 2.2625933e+06
1.5076133e+03 2.2728979e+06
1.5110425e+03 2.2832494e+06
1.5144795e+03 2.2936480e+06
1.5179242e+03 2.3040940e+06
1.5213769e+03 2.3145876e+06
1.5248373e+03 2.3251289e+06
1.5283057e+03 2.3357183e+06
1.5317819e+03 2.3463559e+06
1.5352661e+03 2.3570419e+06
1.5387582e+03 2.3677766e+06
1.5422582e+03 2.3785602e+06
1.5457661e+03 2.3893930e+06
1.5492821e+03 2.4002750e+06
1.5528060e+03 2.4112066e+06
1.5563380e+03 2.4221880e+06
1.5598780e+03 2.4332194e+06
1.5634261e+03 2.4443010e+06
1.5669822e+03 2.4554332e+06
1.5705464e+03 2.4666160e+06
1.5741187e+03 2.4778497e+06
1.5776992e+03 2.4891346e+06
1.5812877e+03 2.5004709e+06
1.5848845e+03 2.5118588e+06
1.5884894e+03 2.5232986e+06
1.5921025e+03 2.5347905e+06
1.5957239e+03 2.5463348e+06
1.5993535e+03 2.5579316e+06
1.6029913e+03 2.5695812e+06
1.6066374e+03 2.5812839e+06
1.6102918e+03 2.5930398e+06
1.6139546e+03 2.6048494e+06
1.6176256e+03 2.6167127e+06
1.6213050e+03 2.6286300e+06
1.6249928e+03 2.6406016e+06
1.6286890e+03 2.6526277e+06
1.6323935e+03 2.6647086e+06
1.6361065e+03 2.6768445e+06
1.6398280e+03 2.6890357e+06
1.6435579e+03 2.7012824e+06
1.6472962e+03 2.7135849e+06
1.6510431e+03 2.7259434e+06
1.6547985e+03 2.7383582e+06
1.6585625e+03 2.7508296e+06
1.6623350e+03 2.7633577e+06
1.6661161e+03 2.7759429e+06
1.6699058e+03 2.7885854e+06
1.6737041e+03 2.8012855e+06
1.6775111e+03 2.8140434e+06
1.6813267e+03 2.8268595e+06
1.6851510e+03 2.8397339e+06
1.6889840e+03 2.8526669e+06
1.6928257e+03 2.8656589e+06
1.6966762e+03 2.8787100e+06
1.7005354e+03 2.8918205e+06
1.7044033e+03 2.9049908e+06
1.7082801e+03 2.9182210e+06
1.7121657e+03 2.9315115e+06
1.7160602e+03 2.9448625e+06
1.7199635e+03 2.9582744e+06
1.7238757e+03 2.9717473e+06
1.7277967e+03 2.9852815e+06
1.7317267e+03 2.9988774e+06
1.7356657e+03 3.0125353e+06
1.7396135e+03 3.0262553e+06
1.7435704e+03 3.0400378e+06
1.7475363e+03 3.0538831e+06
1.7515112e+03 3.0677914e+06
1.7554951e+03 3.0817631e+06
1.7594881e+03 3.0957984e+06
1.7634902e+03 3.1098977e+06
1.7675014e+03 3.1240611e+06
1.7715217e+03 3.1382891e+06
1.7755511e+03 3.1525818e+06
1.7795897e+03 3.1669397e+06
1.7836375e+03 3.1813629e+06
1.7876946e+03 3.1958518e+06
1.7917608e+03 3.2104067e+06
1.7958363e+03 3.2250279e+06
1.7999210e+03 3.2397157e+06
1.8040151e+03 3.2544704e+06
1.8081184e+03 3.2692923e+06
1.8122311e+03 3.2841817e+06
1.8163532e+03 3.2991389e+06
1.8204846e+03 3.3141642e+06
1.8246254e+03 3.3292579e+06
1.8287757e+03 3.3444204e+06
1.8329353e+03 3.3596519e+06
1.8371045e+03 3.3749528e+06
1.8412831e+03 3.3903234e+06
1.8454712e+03 3.4057640e+06
1.8496689e+03 3.4212749e+06
1.8538761e+03 3.4368565e+06
1.8580928e+03 3.4525090e+06
1.8623192e+03 3.4682328e+06
1.8665552e+03 3.4840283e+06
1.8708008e+03 3.4998956e+06
1.8750561e+03 3.5158352e+06
1.8793210e+03 3.5318474e+06
1.8835957e+03 3.5479326e+06
1.8878800e+03 3.5640910e+06
1.8921741e+03 3.5803230e+06
1.8964780e+03 3.5966289e+06
1.9007917e+03 3.6130091e+06
1.9051152e+03 3.6294638e+06
1.9094485e+03 3.6459935e+06
1.9137917e+03 3.6625985e+06
1.9181447e+03 3.6792792e+06
1.9225077e+03 3.6960358e+06
1.9268806e+03 3.7128687e+06
1.9312634e+03 3.7297782e+06
1.9356562e+03 3.7467648e+06
1.9400590e+03 3.7638287e+06
1.9444718e+03 3.7809704e+06
1.9488946e+03 3.7981901e+06
1.9533275e+03 3.8154883e+06
1.9577705e+03 3.8328652e+06
1.9622236e+03 3.8503213e+06
1.9666868e+03 3.8678568e+06
1.9711601e+03 3.8854723e+06
1.9756437e+03 3.9031679e+06
1.9801374e+03 3.9209442e+06
1.9846414e+03 3.9388014e+06
1.9891556e+03 3.9567399e+06
1.9936801e+03 3.9747602e+06
1.9982148e+03 3.9928625e+06
2.0027599e+03 4.0110472e+06
2.0073153e+03 4.0293148e+06
2.0118811e+03 4.0476655e+06
2.0164573e+03 4.0660999e+06
2.0210438e+03 4.0846182e+06
2.0256408e+03 4.1032208e+06
2.0302483e+03 4.1219082e+06
2.0348662e+03 4.1406806e+06
2.0394947e+03 4.1595386e+06
2.0441337e+03 4.1784824e+06
2.0487832e+03 4.1975125e+06
2.0534433e+03 4.2166293e+06
2.0581140e+03 4.2358332e+06
2.0627953e+03 4.2551245e+06
2.0674873e+03 4.2745037e+06
2.0721899e+03 4.2939711e+06
2.0769033e+03 4.3135272e+06
2.0816273e+03 4.3331723e+06
2.0863621e+03 4.3529069e+06
2.0911077e+03 4.3727315e+06
2.0958641e+03 4.3926462e+06
2.1006313e+03 4.4126517e+06
2.1054093e+03 4.4327483e+06
2.1101982e+03 4.4529365e+06
2.1149980e+03 4.4732165e+06
2.1198087e+03 4.4935889e+06
2.1246304e+03 4.5140542e+06
2.1294630e+03 4.5346126e+06
2.1343066e+03 4.5552646e+06
2.1391612e+03 4.5760107e+06
2.1440269e+03 4.5968513e+06
2.1489036e+03 4.6177868e+06
2.1537915e+03 4.6388177e+06
2.1586904e+03 4.6599443e+06
2.1636005e+03 4.6811671e+06
2.1685218e+03 4.7024866e+06
2.1734542e+03 4.7239032e+06
2.1783979e+03 4.7454174e+06
2.1833528e+03 4.7670295e+06
2.1883190e+03 4.7887400e+06
2.1932965e+03 4.8105495e+06
2.1982853e+03 4.8324582e+06
2.2032854e+03 4.8544667e+06
2.2082970e+03 4.8765755e+06
2.2133199e+03 4.8987850e+06
2.2183542e+03 4.9210956e+06
2.2234000e+03 4.9435078e+06
2.2284573e+03 4.9660221e+06
2.2335261e+03 4.9886389e+06
2.2386064e+03 5.0113587e+06
2.2436983e+03 5.0341820e+06
2.2488017e+03 5.0571092e+06
2.2539168e+03 5.0801409e+06
2.2590435e+03 5.1032774e+06
2.2641818e+03 5.1265194e+06
2.2693319e+03 5.1498671e+06
2.2744936e+03 5.1733213e+06
2.2796671e+03 5.1968822e+06
2.2848524e+03 5.2205504e+06
2.2900494e+03 5.2443264e+06
2.2952583e+03 5.2682107e+06
2.3004790e+03 5.2922038e+06
2.3057116e+03 5.3163062e+06
2.3109561e+03 5.3405183e+06
2.3162126e+03 5.3648407e+06
2.3214810e+03 5.3892739e+06
2.3267613e+03 5.4138183e+06
2.3320537e+03 5.4384745e+06
2.3373581e+03 5.4632430e+06
2.3426746e+03 5.4881244e+06
2.3480032e+03 5.5131190e+06
2.3533439e+03 5.5382275e+06
2.3586967e+03 5.5634503e+06
2.3640618e+03 5.5887880e+06
2.3694390e+03 5.6142411e+06
2.3748284e+03 5.6398101e+06
2.3802301e+03 5.6654956e+06
2.3856441e+03 5.6912980e+06
2.3910705e+03 5.7172180e+06
2.3965091e+03 5.7432560e+06
2.4019601e+03 5.7694125e+06
2.4074236e+03 5.7956883e+06
2.4128994e+03 5.8220836e+06
2.4183877e+03 5.8485992e+06
2.4238885e+03 5.8752356e+06
2.4294018e+03 5.9019933e+06
2.4349277e+03 5.9288728e+06
2.4404661e+03 5.9558747e+06
2.4460171e+03 5.9829996e+06
2.4515807e+03 6.0102481e+06
2.4571570e+03 6.0376207e+06
2.4627460e+03 6.0651179e+06
2.4683477e+03 6.0927403e+06
2.4739621e+03 6.1204886e+06
2.4795893e+03 6.1483632e+06
2.4852293e+03 6.1763648e+06
2.4908821e+03 6.2044939e+06
2.4965478e+03 6.2327511e+06
2.5022264e+03 6.2611370e+06
2.5079179e+03 6.2896521e+06
2.5136223e+03 6.3182972e+06
2.5193397e+03 6.3470727e+06
2.5250701e+03 6.3759793e+06
2.5308136e+03 6.4050175e+06
2.5365701e+03 6.4341879e+06
2.5423397e+03 6.4634912e+06
2.5481224e+03 6.4929280e+06
2.5539183e+03 6.5224988e+06
2.5597274e+03 6.5522043e+06
2.5655497e+03 6.5820451e+06
2.5713852e+03 6.6120218e+06
2.5772340e+03 6.6421350e+06
2.5830961e+03 6.6723854e+06
2.5889715e+03 6.7027735e+06
2.5948603e+03 6.7333001e+06
2.6007625e+03 6.7639656e+06
2.6066781e+03 6.7947708e+06
2.6126072e+03 6.8257164e+06
2.6185498e+03 6.8568028e+06
2.6245058e+03 6.8880308e+06
2.6304754e+03 6.9194011e+06
2.6364586e+03 6.9509142e+06
2.6424555e+03 6.9825708e+06
2.6484659e+03 7.0143717e+06
2.6544900e+03 7.0463173e+06
2.6605279e+03 7.0784084e+06
2.6665794e+03 7.1106457e+06
2.6726447e+03 7.1430298e+06
2.6787238e+03 7.1755614e+06
2.6848168e+03 7.2082412e+06
2.6909236e+03 7.2410698e+06
2.6970443e+03 7.2740479e+06
2.7031789e+03 7.3071762e+06
2.7093275e+03 7.3404554e+06
2.7154900e+03 7.3738861e+06
2.7216666e+03 7.4074691e+06
2.7278572e+03 7.4412050e+06
2.7340619e+03 7.4750946e+06
2.7402807e+03 7.5091385e+06
2.7465137e+03 7.5433375e+06
2.7527608e+03 7.5776922e+06
2.7590222e+03 7.6122034e+06
2.7652978e+03 7.6468717e+06
2.7715876e+03 7.6816980e+06
2.7778918e+03 7.7166829e+06
2.7842103e+03 7.7518270e+06
2.7905432e+03 7.7871313e+06
2.7968905e+03 7.8225963e+06
2.8032522e+03 7.8582229e+06
2.8096284e+03 7.8940117e+06
2.8160191e+03 7.9299635e+06
2.8224243e+03 7.9660790e+06
2.8288441e+03 8.0023591e+06
2.8352785e+03 8.0388043e+06
2.8417276e+03 8.0754155e+06
2.8481913e+03 8.1121935e+06
2.8546697e+03 8.1491390e+06
2.8611628e+03 8.1862527e+06
2.8676707e+03 8.2235355e+06
2.8741935e+03 8.2609880e+06
2.8807310e+03 8.2986112e+06
2.8872834e+03 8.3364056e+06
2.8938508e+03 8.3743722e+06
2.9004330e+03 8.4125118e+06
2.9070303e+03 8.4508250e+06
2.9136425e+03 8.4893127e+06
2.9202698e+03 8.5279757e+06
2.9269122e+03 8.5668147e+06
2.9335696e+03 8.6058307e+06
2.9402422e+03 8.6450243e+06
2.9469300e+03 8.6843965e+06
2.9536330e+03 8.7239480e+06
2.9603513e+03 8.7636796e+06
2.9670848e+03 8.8035921e+06
2.9738336e+03 8.8436864e+06
2.9805978e+03 8.8839633e+06
2.9873774e+03 8.9244237e+06
2.9941724e+03 8.9650683e+06
3.0009828e+03 9.0058980e+06
3.0078088e+03 9.0469137e+06
3.0146503e+03 9.0881162e+06
3.0215073e+03 9.1295063e+06
3.0283799e+03 9.1710850e+06
3.0352682e+03 9.2128530e+06
3.0421721e+03 9.2548112e+06
3.0490917e+03 9.2969605e+06
3.0560271e+03 9.3393018e+06
3.0629783e+03 9.3818359e+06
3.0699452e+03 9.4245637e+06
3.0769280e+03 9.4674861e+06
3.0839267e+03 9.5106040e+06
3.0909413e+03 9.5539183e+06
3.0979719e+03 9.5974298e+06
3.1050184e+03 9.6411395e+06
3.1120810e+03 9.6850483e+06
3.1191597e+03 9.7291570e+06
3.1262544e+03 9.7734667e+06
3.1333653e+03 9.8179781e+06
3.1404924e+03 9.8626922e+06
3.1476356e+03 9.9076100e+06
3.1547951e+03 9.9527324e+06
3.1619709e+03 9.9980602e+06
3.1691631e+03 1.0043595e+07
3.1763715e+03 1.0089336e+07
3.1835964e+03 1.0135286e+07
3.1908377e+03 1.0181445e+07
3.1980955e+03 1.0227815e+07
3.2053698e+03 1.0274396e+07
3.2126607e+03 1.0321188e+07
3.2199681e+03 1.0368194e+07
3.2272921e+03 1.0415414e+07
3.2346328e+03 1.0462849e+07
3.2419902e+03 1.0510501e+07
3.2493643e+03 1.0558369e+07
3.2567553e+03 1.0606455e+07
3.2641630e+03 1.0654760e+07
3.2715875e+03 1.0703285e+07
3.2790290e+03 1.0752031e+07
3.2864874e+03 1.0800999e+07
3.2939627e+03 1.0850190e+07
3.3014551e+03 1.0899606e+07
3.3089645e+03 1.0949246e+07
3.3164909e+03 1.0999112e+07
3.3240345e+03 1.1049205e+07
3.3315953e+03 1.1099527e+07
3.3391732e+03 1.1150078e+07
3.3467684e+03 1.1200859e+07
3.3543809e+03 1.1251871e+07
3.3620106e+03 1.1303115e+07
3.3696578e+03 1.1354593e+07
3.3773223e+03 1.1406306e+07
3.3850042e+03 1.1458254e+07
3.3927037e+03 1.1510438e+07
3.4004206e+03 1.1562860e+07
3.4081551e+03 1.1615521e+07
3.4159072e+03 1.1668422e+07
3.4236769e+03 1.1721564e+07
3.4314643e+03 1.1774947e+07
3.4392694e+03 1.1828574e+07
3.4470923e+03 1.1882445e+07
3.4549329e+03 1.1936561e+07
3.4627914e+03 1.1990924e+07
3.4706678e+03 1.2045535e+07
3.4785620e+03 1.2100394e+07
3.4864743e+03 1.2155503e+07
3.4944045e+03 1.2210863e+07
3.5023528e+03 1.2266475e+07
3.5103191e+03 1.2322340e+07
3.5183036e+03 1.2378460e+07
3.5263062e+03 1.2434835e+07
3.5343270e+03 1.2491468e+07
3.5423661e+03 1.2548358e+07
3.5504235e+03 1.2605507e+07
3.5584992e+03 1.2662916e+07
3.5665932e+03 1.2720587e+07
3.5747057e+03 1.2778521e+07
3.5828366e+03 1.2836718e+07
3.5909860e+03 1.2895180e+07
3.5991539e+03 1.2953909e+07
3.6073405e+03 1.3012905e+07
3.6155456e+03 1.3072170e+07
3.6237694e+03 1.3131705e+07
3.6320120e+03 1.3191511e+07
3.6402732e+03 1.3251589e+07
3.6485533e+03 1.3311941e+07
3.6568522e+03 1.3372568e+07
3.6651699e+03 1.3433471e+07
3.6735066e+03 1.3494651e+07
3.6818623e+03 1.3556110e+07
3.6902369e+03 1.3617848e+07
3.6986306e+03 1.3679868e+07
3.7070434e+03 1.3742171e+07
3.7154753e+03 1.3804757e+07
3.7239264e+03 1.3867628e+07
3.7323968e+03 1.3930786e+07
3.7408864e+03 1.3994231e+07
3.7493953e+03 1.4057965e+07
3.7579235e+03 1.4121989e+07
3.7664712e+03 1.4186305e+07
3.7750383e+03 1.4250914e+07
3.7836249e+03 1.4315817e+07
3.7922310e+03 1.4381016e+07
3.8008567e+03 1.4446512e+07
3.8095020e+03 1.4512306e+07
3.8181670e+03 1.4578399e+07
3.8268517e+03 1.4644794e+07
3.8355561e+03 1.4711491e+07
3.8442804e+03 1.4778492e+07
3.8530244e+03 1.4845797e+07
3.8617884e+03 1.4913410e+07
3.8705723e+03 1.4981330e+07
3.8793762e+03 1.5049560e+07
3.8882001e+03 1.5118100e+07
3.8970441e+03 1.5186953e+07
3.9059082e+03 1.5256119e+07
3.9147925e+03 1.5325600e+07
3.9236969e+03 1.5395398e+07
3.9326217e+03 1.5465513e+07
3.9415667e+03 1.5535948e+07
3.9505321e+03 1.5606704e+07
3.9595178e+03 1.5677781e+07
3.9685240e+03 1.5749183e+07
3.9775507e+03 1.5820910e+07
3.9865979e+03 1.5892963e+07
3.9956657e+03 1.5965344e+07
4.0047541e+03 1.6038056e+07
4.0138632e+03 1.6111098e+07
4.0229930e+03 1.6184473e+07
4.0321436e+03 1.6258182e+07
4.0413150e+03 1.6332227e+07
4.0505073e+03 1.6406609e+07
4.0597204e+03 1.6481330e+07
4.0689545e+03 1.6556391e+07
4.0782097e+03 1.6631794e+07
4.0874858e+03 1.6707540e+07
4.0967831e+03 1.6783632e+07
4.1061015e+03 1.6860070e+07
4.1154411e+03 1.6936856e+07
4.1248020e+03 1.7013992e+07
4.1341842e+03 1.7091479e+07
4.1435876e+03 1.7169319e+07
4.1530125e+03 1.7247513e+07
4.1624588e+03 1.7326064e+07
4.1719266e+03 1.7404972e+07
4.1814160e+03 1.7484240e+07
4.1909269e+03 1.7563868e+07
4.2004595e+03 1.7643860e+07
4.2100137e+03 1.7724215e+07
4.2195897e+03 1.7804937e+07
4.2291874e+03 1.7886026e+07
4.2388070e+03 1.7967485e+07
4.2484485e+03 1.8049314e+07
4.2581119e+03 1.8131517e+07
4.2677972e+03 1.8214093e+07
4.2775046e+03 1.8297046e+07
4.2872341e+03 1.8380376e+07
4.2969857e+03 1.8464086e+07
4.3067595e+03 1.8548178e+07
4.3165555e+03 1.8632652e+07
4.3263739e+03 1.8717511e+07
4.3362145e+03 1.8802756e+07
4.3460775e+03 1.8888390e+07
4.3559630e+03 1.8974413e+07
4.3658709e+03 1.9060829e+07
4.3758014e+03 1.9147638e+07
4.3857545e+03 1.9234842e+07
4.3957302e+03 1.9322444e+07
4.4057286e+03 1.9410444e+07
4.4157497e+03 1.9498845e+07
4.4257936e+03 1.9587649e+07
4.4358604e+03 1.9676858e+07
4.4459501e+03 1.9766472e+07
4.4560627e+03 1.9856495e+07
4.4661983e+03 1.9946928e+07
4.4763570e+03 2.0037772e+07
4.4865388e+03 2.0129030e+07
4.4967437e+03 2.0220704e+07
4.5069719e+03 2.0312796e+07
4.5172233e+03 2.0405307e+07
4.5274981e+03 2.0498239e+07
4.5377962e+03 2.0591594e+07
4.5481177e+03 2.0685375e+07
4.5584627e+03 2.0779582e+07
4.5688313e+03 2.0874219e+07
4.5792234e+03 2.0969287e+07
4.5896391e+03 2.1064788e+07
4.6000786e+03 2.1160723e+07
4.6105418e+03 2.1257096e+07
4.6210288e+03 2.1353907e+07
4.6315397e+03 2.1451160e+07
4.6420744e+03 2.1548855e+07
4.6526331e+03 2.1646995e+07
4.6632159e+03 2.1745582e+07
4.6738227e+03 2.1844619e+07
4.6844536e+03 2.1944106e+07
4.6951087e+03 2.2044046e+07
4.7057881e+03 2.2144442e+07
4.7164917e+03 2.2245294e+07
4.7272197e+03 2.2346606e+07
4.7379721e+03 2.2448380e+07
4.7487490e+03 2.2550617e+07
4.7595503e+03 2.2653319e+07
4.7703763e+03 2.2756490e+07
4.7812268e+03 2.2860130e+07
4.7921020e+03 2.2964242e+07
4.8030020e+03 2.3068828e+07
4.8139268e+03 2.3173891e+07
4.8248764e+03 2.3279432e+07
4.8358509e+03 2.3385454e+07
4.8468504e+03 2.3491959e+07
4.8578749e+03 2.3598948e+07
4.8689245e+03 2.3706425e+07
4.8799992e+03 2.3814392e+07
4.8910991e+03 2.3922850e+07
4.9022242e+03 2.4031802e+07
4.9133747e+03 2.4141251e+07
4.9245505e+03 2.4251197e+07
4.9357517e+03 2.4361645e+07
4.9469784e+03 2.4472596e+07
4.9582307e+03 2.4584051e+07
4.9695085e+03 2.4696015e+07
4.9808120e+03 2.4808488e+07
4.9921412e+03 2.4921474e+07
5.0034962e+03 2.5034974e+07
5.0148770e+03 2.5148991e+07
5.0262837e+03 2.5263528e+07
5.0377163e+03 2.5378586e+07
5.0491750e+03 2.5494168e+07
5.0606597e+03 2.5610276e+07
5.0721705e+03 2.5726913e+07
5.0837075e+03 2.5844082e+07
5.0952707e+03 2.5961784e+07
5.1068603e+03 2.6080022e+07
5.1184762e+03 2.6198799e+07
5.1301185e+03 2.6318116e+07
5.1417873e+03 2.6437977e+07
5.1534827e+03 2.6558384e+07
5.1652046e+03 2.6679339e+07
5.1769533e+03 2.6800845e+07
5.1887286e+03 2.6922905e+07
5.2005307e+03 2.7045520e+07
5.2123597e+03 2.7168694e+07
5.2242156e+03 2.7292428e+07
5.2360984e+03 2.7416727e+07
5.2480083e+03 2.7541591e+07
5.2599453e+03 2.7667024e+07
5.2719094e+03 2.7793028e+07
5.2839007e+03 2.7919607e+07
5.2959193e+03 2.8046761e+07
5.3079652e+03 2.8174495e+07
5.3200386e+03 2.8302810e+07
5.3321394e+03 2.8431710e+07
5.3442677e+03 2.8561197e+07
5.3564236e+03 2.8691274e+07
5.3686072e+03 2.8821943e+07
5.3808184e+03 2.8953207e+07
5.3930575e+03 2.9085069e+07
5.4053244e+03 2.9217532e+07
5.4176192e+03 2.9350597e+07
5.4299419e+03 2.9484269e+07
5.4422927e+03 2.9618550e+07
5.4546716e+03 2.9753442e+07
5.4670786e+03 2.9888948e+07
5.4795139e+03 3.0025072e+07
5.4919774e+03 3.0161816e+07
5.5044693e+03 3.0299182e+07
5.5169896e+03 3.0437174e+07
5.5295384e+03 3.0575794e+07
5.5421157e+03 3.0715046e+07
5.5547216e+03 3.0854932e+07
5.5673562e+03 3.0995455e+07
5.5800195e+03 3.1136618e+07
5.5927117e+03 3.1278424e+07
5.6054327e+03 3.1420876e+07
5.6181827e+03 3.1563976e+07
5.6309616e+03 3.1707729e+07
5.6437696e+03 3.1852135e+07
5.6566068e+03 3.1997200e+07
5.6694731e+03 3.2142925e+07
5.6823687e+03 3.2289314e+07
5.6952937e+03 3.2436370e+07
5.7082480e+03 3.2584095e+07
5.7212318e+03 3.2732494e+07
5.7342452e+03 3.2881568e+07
5.7472881e+03 3.3031321e+07
5.7603607e+03 3.3181755e+07
5.7734631e+03 3.3332876e+07
5.7865952e+03 3.3484684e+07
5.7997572e+03 3.3637184e+07
5.8129492e+03 3.3790378e+07
5.8261711e+03 3.3944270e+07
5.8394232e+03 3.4098863e+07
5.8527053e+03 3.4254160e+07
5.8660177e+03 3.4410164e+07
5.8793604e+03 3.4566879e+07
5.8927334e+03 3.4724307e+07
5.9061368e+03 3.4882452e+07
5.9195708e+03 3.5041318e+07
5.9330352e+03 3.5200907e+07
5.9465303e+03 3.5361223e+07
5.9600561e+03 3.5522269e+07
5.9736127e+03 3.5684049e+07
5.9872001e+03 3.5846565e+07
6.0008184e+03 3.6009822e+07
6.0144677e+03 3.6173822e+07
6.0281480e+03 3.6338568e+07
6.0418595e+03 3.6504066e+07
6.0556021e+03 3.6670317e+07
6.0693760e+03 3.6837325e+07
6.0831812e+03 3.7005093e+07
6.0970178e+03 3.7173626e+07
6.1108859e+03 3.7342927e+07
6.1247855e+03 3.7512998e+07
6.1387168e+03 3.7683844e+07
6.1526797e+03 3.7855468e+07
6.1666744e+03 3.8027874e+07
6.1807010e+03 3.8201064e+07
6.1947594e+03 3.8375044e+07
6.2088498e+03 3.8549816e+07
6.2229723e+03 3.8725384e+07
6.2371269e+03 3.8901752e+07
6.2513136e+03 3.9078922e+07
6.2655327e+03 3.9256900e+07
6.2797841e+03 3.9435688e+07
6.2940679e+03 3.9615291e+07
6.3083842e+03 3.9795711e+07
6.3227331e+03 3.9976953e+07
6.3371145e+03 4.0159021e+07
6.3515288e+03 4.0341918e+07
6.3659758e+03 4.0525647e+07
6.3804556e+03 4.0710214e+07
6.3949684e+03 4.0895621e+07
6.4095142e+03 4.1081872e+07
6.4240931e+03 4.1268972e+07
6.4387051e+03 4.1456924e+07
6.4533504e+03 4.1645732e+07
6.4680290e+03 4.1835399e+07
6.4827410e+03 4.2025931e+07
6.4974865e+03 4.2217330e+07
6.5122654e+03 4.2409601e+07
6.5270780e+03 4.2602748e+07
6.5419243e+03 4.2796774e+07
6.5568044e+03 4.2991684e+07
6.5717183e+03 4.3187482e+07
6.5866661e+03 4.3384171e+07
6.6016480e+03 4.3581756e+07
6.6166639e+03 4.3780241e+07
6.6317139e+03 4.3979630e+07
6.6467982e+03 4.4179927e+07
6.6619169e+03 4.4381136e+07
6.6770698e+03 4.4583262e+07
6.6922573e+03 4.4786308e+07
6.7074793e+03 4.4990279e+07
6.7227359e+03 4.5195179e+07
6.7380273e+03 4.5401012e+07
6.7533534e+03 4.5607782e+07
6.7687144e+03 4.5815494e+07
6.7841103e+03 4.6024152e+07
6.7995412e+03 4.6233761e+07
6.8150072e+03 4.6444324e+07
6.8305085e+03 4.6655846e+07
6.8460449e+03 4.6868331e+07
6.8616167e+03 4.7081784e+07
6.8772240e+03 4.7296209e+07
6.8928667e+03 4.7511611e+07
6.9085450e+03 4.7727994e+07
6.9242590e+03 4.7945362e+07
6.9400087e+03 4.8163720e+07
6.9557942e+03 4.8383073e+07
6.9716156e+03 4.8603425e+07
6.9874731e+03 4.8824780e+07
7.0033666e+03 4.9047143e+07
7.0192962e+03 4.9270519e+07
7.0352621e+03 4.9494913e+07
7.0512643e+03 4.9720328e+07
7.0673029e+03 4.9946770e+07
7.0833779e+03 5.0174243e+07
7.0994896e+03 5.0402752e+07
7.1156379e+03 5.0632302e+07
7.1318229e+03 5.0862898e+07
7.1480447e+03 5.1094543e+07
7.1643034e+03 5.1327244e+07
7.1805992e+03 5.1561004e+07
7.1969319e+03 5.1795829e+07
7.2133019e+03 5.2031724e+07
7.2297090e+03 5.2268692e+07
7.2461535e+03 5.2506740e+07
7.2626354e+03 5.2745873e+07
7.2791547e+03 5.2986094e+07
7.2957117e+03 5.3227409e+07
7.3123063e+03 5.3469823e+07
7.3289386e+03 5.3713342e+07
7.3456088e+03 5.3957969e+07
7.3623169e+03 5.4203711e+07
7.3790630e+03 5.4450571e+07
7.3958472e+03 5.4698556e+07
7.4126696e+03 5.4947671e+07
7.4295302e+03 5.5197919e+07
7.4464292e+03 5.5449308e+07
7.4633666e+03 5.5701842e+07
7.4803426e+03 5.5955525e+07
7.4973572e+03 5.6210364e+07
7.5144104e+03 5.6466364e+07
7.5315025e+03 5.6723529e+07
7.5486334e+03 5.6981866e+07
7.5658033e+03 5.7241379e+07
7.5830122e+03 5.7502075e+07
7.6002603e+03 5.7763957e+07
7.6175476e+03 5.8027032e+07
7.6348743e+03 5.8291305e+07
7.6522403e+03 5.8556782e+07
7.6696459e+03 5.8823468e+07
7.6870910e+03 5.9091369e+07
7.7045759e+03 5.9360489e+07
7.7221005e+03 5.9630836e+07
7.7396649e+03 5.9902413e+07
7.7572693e+03 6.0175228e+07
7.7749138e+03 6.0449284e+07
7.7925984e+03 6.0724589e+07
7.8103232e+03 6.1001148e+07
7.8280883e+03 6.1278966e+07
7.8458938e+03 6.1558050e+07
7.8637399e+03 6.1838405e+07
7.8816265e+03 6.2120036e+07
7.8995538e+03 6.2402950e+07
7.9175219e+03 6.2687153e+07
7.9355308e+03 6.2972650e+07
7.9535808e+03 6.3259447e+07
7.9716717e+03 6.3547550e+07
7.9898039e+03 6.3836966e+07
8.0079772e+03 6.4127699e+07
8.0261919e+03 6.4419757e+07
8.0444481e+03 6.4713145e+07
8.0627457e+03 6.5007869e+07
8.0810850e+03 6.5303935e+07
8.0994660e+03 6.5601350e+07
8.1178888e+03 6.5900119e+07
8.1363535e+03 6.6200248e+07
8.1548602e+03 6.6501745e+07
8.1734090e+03 6.6804615e+07
8.1920000e+03 6.7108864e+07
