1.00000e+01 1.21137e-42
1.00231e+01 1.18877e-42
1.00462e+01 1.16661e-42
1.00693e+01 1.14486e-42
1.00926e+01 1.12354e-42
1.01158e+01 1.10261e-42
1.01392e+01 1.08209e-42
1.01625e+01 1.06195e-42
1.01860e+01 1.04220e-42
1.02095e+01 1.02282e-42
1.02330e+01 1.00381e-42
1.02566e+01 9.85164e-43
1.02803e+01 9.66866e-43
1.03040e+01 9.48915e-43
1.03277e+01 9.31303e-43
1.03515e+01 9.14023e-43
1.03754e+01 8.97070e-43
1.03993e+01 8.80437e-43
1.04233e+01 8.64117e-43
1.04474e+01 8.48105e-43
1.04714e+01 8.32394e-43
1.04956e+01 8.16979e-43
1.05198e+01 8.01854e-43
1.05441e+01 7.87014e-43
1.05684e+01 7.72452e-43
1.05927e+01 7.58164e-43
1.06172e+01 7.44144e-43
1.06417e+01 7.30388e-43
1.06662e+01 7.16889e-43
1.06908e+01 7.03644e-43
1.07154e+01 6.90646e-43
1.07401e+01 6.77893e-43
1.07649e+01 6.65378e-43
1.07897e+01 6.53097e-43
1.08146e+01 6.41046e-43
1.08396e+01 6.29221e-43
1.08646e+01 6.17617e-43
1.08896e+01 6.06229e-43
1.09147e+01 5.95055e-43
1.09399e+01 5.84089e-43
1.09651e+01 5.73328e-43
1.09904e+01 5.62768e-43
1.10157e+01 5.52404e-43
1.10412e+01 5.42234e-43
1.10666e+01 5.32254e-43
1.10921e+01 5.22460e-43
1.11177e+01 5.12848e-43
1.11433e+01 5.03416e-43
1.11690e+01 4.94159e-43
1.11948e+01 4.85074e-43
1.12206e+01 4.76159e-43
1.12465e+01 4.67409e-43
1.12724e+01 4.58823e-43
1.12984e+01 4.50396e-43
1.13245e+01 4.42125e-43
1.13506e+01 4.34009e-43
1.13768e+01 4.26043e-43
1.14030e+01 4.18225e-43
1.14293e+01 4.10553e-43
1.14556e+01 4.03023e-43
1.14821e+01 3.95633e-43
1.15085e+01 3.88380e-43
1.15351e+01 3.81262e-43
1.15617e+01 3.74276e-43
1.15883e+01 3.67419e-43
1.16151e+01 3.60690e-43
1.16418e+01 3.54086e-43
1.16687e+01 3.47604e-43
1.16956e+01 3.41242e-43
1.17226e+01 3.34998e-43
1.17496e+01 3.28870e-43
1.17767e+01 3.22855e-43
1.18039e+01 3.16952e-43
1.18311e+01 3.11159e-43
1.18584e+01 3.05472e-43
1.18857e+01 2.99891e-43
1.19131e+01 2.94414e-43
1.19406e+01 2.89038e-43
1.19681e+01 2.83761e-43
1.19957e+01 2.78582e-43
1.20234e+01 2.73499e-43
1.20511e+01 2.68510e-43
1.20789e+01 2.63613e-43
1.21068e+01 2.58807e-43
1.21347e+01 2.54090e-43
1.21627e+01 2.49460e-43
1.21907e+01 2.44916e-43
1.22188e+01 2.40456e-43
1.22470e+01 2.36078e-43
1.22752e+01 2.31782e-43
1.23035e+01 2.27565e-43
1.23319e+01 2.23426e-43
1.23603e+01 2.19363e-43
1.23888e+01 2.15376e-43
1.24174e+01 2.11462e-43
1.24461e+01 2.07621e-43
1.24748e+01 2.03851e-43
1.25035e+01 2.00151e-43
1.25324e+01 1.96519e-43
1.25613e+01 1.92954e-43
1.25902e+01 1.89455e-43
1.26193e+01 1.86021e-43
1.26484e+01 1.82651e-43
1.26775e+01 1.79343e-43
1.27068e+01 1.76096e-43
1.27361e+01 1.72909e-43
1.27654e+01 1.69782e-43
1.27949e+01 1.66712e-43
1.28244e+01 1.63699e-43
1.28539e+01 1.60742e-43
1.28836e+01 1.57839e-43
1.29133e+01 1.54991e-43
1.29431e+01 1.52195e-43
1.29729e+01 1.49451e-43
1.30028e+01 1.46758e-43
1.30328e+01 1.44115e-43
1.30629e+01 1.41521e-43
1.30930e+01 1.38975e-43
1.31232e+01 1.36476e-43
1.31534e+01 1.34024e-43
1.31838e+01 1.31617e-43
1.32142e+01 1.29255e-43
1.32447e+01 1.26938e-43
1.32752e+01 1.24663e-43
1.33058e+01 1.22430e-43
1.33365e+01 1.20240e-43
1.33672e+01 1.18090e-43
1.33981e+01 1.15980e-43
1.34290e+01 1.13910e-43
1.34599e+01 1.11878e-43
1.34910e+01 1.09885e-43
1.35221e+01 1.07928e-43
1.35533e+01 1.06009e-43
1.35845e+01 1.04125e-43
1.36158e+01 1.02277e-43
1.36472e+01 1.00464e-43
1.36787e+01 9.86848e-44
1.37103e+01 9.69393e-44
1.37419e+01 9.52267e-44
1.37736e+01 9.35466e-44
1.38053e+01 9.18984e-44
1.38372e+01 9.02814e-44
1.38691e+01 8.86953e-44
1.39011e+01 8.71395e-44
1.39331e+01 8.56135e-44
1.39652e+01 8.41167e-44
1.39974e+01 8.26487e-44
1.40297e+01 8.12090e-44
1.40621e+01 7.97972e-44
1.40945e+01 7.84129e-44
1.41270e+01 7.70555e-44
1.41596e+01 7.57247e-44
1.41922e+01 7.44200e-44
1.42250e+01 7.31411e-44
1.42578e+01 7.18876e-44
1.42906e+01 7.06590e-44
1.43236e+01 6.94552e-44
1.43566e+01 6.82756e-44
1.43897e+01 6.71200e-44
1.44229e+01 6.59880e-44
1.44562e+01 6.48794e-44
1.44895e+01 6.37938e-44
1.45229e+01 6.27311e-44
1.45564e+01 6.16909e-44
1.45900e+01 6.06730e-44
1.46236e+01 5.96771e-44
1.46573e+01 5.87031e-44
1.46911e+01 5.77509e-44
1.47250e+01 5.68201e-44
1.47590e+01 5.59107e-44
1.47930e+01 5.50226e-44
1.48271e+01 5.41557e-44
1.48613e+01 5.33099e-44
1.48956e+01 5.24851e-44
1.49299e+01 5.16815e-44
1.49644e+01 5.08989e-44
1.49989e+01 5.01376e-44
1.50335e+01 4.93975e-44
1.50681e+01 4.86789e-44
1.51029e+01 4.79819e-44
1.51377e+01 4.73069e-44
1.51726e+01 4.66541e-44
1.52076e+01 4.60241e-44
1.52427e+01 4.54172e-44
1.52778e+01 4.48340e-44
1.53131e+01 4.42753e-44
1.53484e+01 4.37418e-44
1.53838e+01 4.32345e-44
1.54192e+01 4.27545e-44
1.54548e+01 4.23031e-44
1.54904e+01 4.18817e-44
1.55261e+01 4.14921e-44
1.55619e+01 4.11363e-44
1.55978e+01 4.08167e-44
1.56338e+01 4.05360e-44
1.56699e+01 4.02976e-44
1.57060e+01 4.01051e-44
1.57422e+01 3.99631e-44
1.57785e+01 3.98770e-44
1.58149e+01 3.98530e-44
1.58514e+01 3.98988e-44
1.58879e+01 4.00235e-44
1.59246e+01 4.02380e-44
1.59613e+01 4.05560e-44
1.59981e+01 4.09938e-44
1.60350e+01 4.15720e-44
1.60720e+01 4.23162e-44
1.61090e+01 4.32585e-44
1.61462e+01 4.44402e-44
1.61834e+01 4.59147e-44
1.62207e+01 4.77517e-44
1.62581e+01 5.00444e-44
1.62956e+01 5.29188e-44
1.63332e+01 5.65494e-44
1.63709e+01 6.11830e-44
1.64086e+01 6.71780e-44
1.64464e+01 7.50717e-44
1.64844e+01 8.56988e-44
1.65224e+01 1.00415e-43
1.65605e+01 1.21540e-43
1.65987e+01 1.53327e-43
1.66369e+01 2.04267e-43
1.66753e+01 2.93426e-43
1.67138e+01 4.71367e-43
1.67523e+01 9.12206e-43
1.67909e+01 2.58999e-42
1.68297e+01 2.94401e-41
1.68685e+01 1.46453e-41
1.69074e+01 1.99610e-42
1.69464e+01 7.53452e-43
1.69854e+01 3.95734e-43
1.70246e+01 2.45838e-43
1.70639e+01 1.69250e-43
1.71032e+01 1.24951e-43
1.71427e+01 9.70431e-44
1.71822e+01 7.83230e-44
1.72218e+01 6.51459e-44
1.72615e+01 5.55080e-44
1.73013e+01 4.82341e-44
1.73412e+01 4.25987e-44
1.73812e+01 3.81343e-44
1.74213e+01 3.45288e-44
1.74615e+01 3.15677e-44
1.75017e+01 2.90993e-44
1.75421e+01 2.70143e-44
1.75825e+01 2.52320e-44
1.76231e+01 2.36921e-44
1.76637e+01 2.23486e-44
1.77045e+01 2.11660e-44
1.77453e+01 2.01166e-44
1.77862e+01 1.91785e-44
1.78272e+01 1.83341e-44
1.78683e+01 1.75693e-44
1.79095e+01 1.68726e-44
1.79508e+01 1.62346e-44
1.79922e+01 1.56474e-44
1.80337e+01 1.51045e-44
1.80753e+01 1.46005e-44
1.81170e+01 1.41307e-44
1.81588e+01 1.36914e-44
1.82006e+01 1.32792e-44
1.82426e+01 1.28911e-44
1.82847e+01 1.25248e-44
1.83268e+01 1.21782e-44
1.83691e+01 1.18493e-44
1.84115e+01 1.15366e-44
1.84539e+01 1.12387e-44
1.84965e+01 1.09543e-44
1.85391e+01 1.06823e-44
1.85819e+01 1.04218e-44
1.86247e+01 1.01719e-44
1.86677e+01 9.93171e-45
1.87107e+01 9.70070e-45
1.87539e+01 9.47818e-45
1.87971e+01 9.26361e-45
1.88405e+01 9.05648e-45
1.88839e+01 8.85633e-45
1.89275e+01 8.66275e-45
1.89711e+01 8.47536e-45
1.90149e+01 8.29383e-45
1.90587e+01 8.11783e-45
1.91027e+01 7.94708e-45
1.91467e+01 7.78131e-45
1.91909e+01 7.62028e-45
1.92351e+01 7.46377e-45
1.92795e+01 7.31156e-45
1.93239e+01 7.16347e-45
1.93685e+01 7.01931e-45
1.94132e+01 6.87892e-45
1.94579e+01 6.74215e-45
1.95028e+01 6.60884e-45
1.95478e+01 6.47887e-45
1.95928e+01 6.35210e-45
1.96380e+01 6.22842e-45
1.96833e+01 6.10772e-45
1.97287e+01 5.98988e-45
1.97742e+01 5.87481e-45
1.98198e+01 5.76242e-45
1.98655e+01 5.65262e-45
1.99113e+01 5.54532e-45
1.99572e+01 5.44045e-45
2.00032e+01 5.33792e-45
2.00494e+01 5.23766e-45
2.00956e+01 5.13962e-45
2.01419e+01 5.04371e-45
2.01884e+01 4.94989e-45
2.02349e+01 4.85808e-45
2.02816e+01 4.76824e-45
2.03284e+01 4.68030e-45
2.03753e+01 4.59422e-45
2.04222e+01 4.50995e-45
2.04693e+01 4.42743e-45
2.05165e+01 4.34663e-45
2.05638e+01 4.26749e-45
2.06113e+01 4.18998e-45
2.06588e+01 4.11405e-45
2.07064e+01 4.03966e-45
2.07542e+01 3.96678e-45
2.08020e+01 3.89537e-45
2.08500e+01 3.82539e-45
2.08981e+01 3.75681e-45
2.09463e+01 3.68960e-45
2.09946e+01 3.62372e-45
2.10430e+01 3.55914e-45
2.10915e+01 3.49584e-45
2.11402e+01 3.43377e-45
2.11889e+01 3.37293e-45
2.12378e+01 3.31327e-45
2.12868e+01 3.25477e-45
2.13358e+01 3.19740e-45
2.13850e+01 3.14115e-45
2.14344e+01 3.08597e-45
2.14838e+01 3.03187e-45
2.15333e+01 2.97880e-45
2.15830e+01 2.92674e-45
2.16327e+01 2.87568e-45
2.16826e+01 2.82559e-45
2.17326e+01 2.77646e-45
2.17828e+01 2.72826e-45
2.18330e+01 2.68097e-45
2.18833e+01 2.63457e-45
2.19338e+01 2.58905e-45
2.19844e+01 2.54438e-45
2.20351e+01 2.50056e-45
2.20859e+01 2.45755e-45
2.21368e+01 2.41535e-45
2.21879e+01 2.37394e-45
2.22390e+01 2.33331e-45
2.22903e+01 2.29343e-45
2.23417e+01 2.25429e-45
2.23932e+01 2.21587e-45
2.24449e+01 2.17817e-45
2.24966e+01 2.14117e-45
2.25485e+01 2.10485e-45
2.26005e+01 2.06920e-45
2.26526e+01 2.03421e-45
2.27049e+01 1.99986e-45
2.27572e+01 1.96615e-45
2.28097e+01 1.93305e-45
2.28623e+01 1.90056e-45
2.29150e+01 1.86867e-45
2.29679e+01 1.83736e-45
2.30208e+01 1.80662e-45
2.30739e+01 1.77644e-45
2.31271e+01 1.74681e-45
2.31804e+01 1.71772e-45
2.32339e+01 1.68916e-45
2.32875e+01 1.66112e-45
2.33412e+01 1.63358e-45
2.33950e+01 1.60655e-45
2.34489e+01 1.58001e-45
2.35030e+01 1.55394e-45
2.35572e+01 1.52835e-45
2.36115e+01 1.50322e-45
2.36660e+01 1.47854e-45
2.37206e+01 1.45430e-45
2.37753e+01 1.43051e-45
2.38301e+01 1.40714e-45
2.38850e+01 1.38419e-45
2.39401e+01 1.36165e-45
2.39953e+01 1.33951e-45
2.40507e+01 1.31777e-45
2.41061e+01 1.29643e-45
2.41617e+01 1.27546e-45
2.42174e+01 1.25487e-45
2.42733e+01 1.23464e-45
2.43292e+01 1.21477e-45
2.43854e+01 1.19526e-45
2.44416e+01 1.17610e-45
2.44979e+01 1.15728e-45
2.45544e+01 1.13879e-45
2.46111e+01 1.12063e-45
2.46678e+01 1.10279e-45
2.47247e+01 1.08527e-45
2.47817e+01 1.06806e-45
2.48389e+01 1.05115e-45
2.48961e+01 1.03454e-45
2.49536e+01 1.01822e-45
2.50111e+01 1.00220e-45
2.50688e+01 9.86451e-46
2.51266e+01 9.70983e-46
2.51845e+01 9.55788e-46
2.52426e+01 9.40859e-46
2.53008e+01 9.26193e-46
2.53592e+01 9.11785e-46
2.54176e+01 8.97629e-46
2.54762e+01 8.83722e-46
2.55350e+01 8.70058e-46
2.55939e+01 8.56633e-46
2.56529e+01 8.43443e-46
2.57121e+01 8.30483e-46
2.57713e+01 8.17749e-46
2.58308e+01 8.05238e-46
2.58903e+01 7.92944e-46
2.59500e+01 7.80865e-46
2.60099e+01 7.68996e-46
2.60699e+01 7.57333e-46
2.61300e+01 7.45872e-46
2.61902e+01 7.34611e-46
2.62506e+01 7.23544e-46
2.63112e+01 7.12670e-46
2.63718e+01 7.01983e-46
2.64326e+01 6.91482e-46
2.64936e+01 6.81162e-46
2.65547e+01 6.71020e-46
2.66159e+01 6.61053e-46
2.66773e+01 6.51258e-46
2.67388e+01 6.41631e-46
2.68005e+01 6.32170e-46
2.68623e+01 6.22872e-46
2.69242e+01 6.13734e-46
2.69863e+01 6.04752e-46
2.70486e+01 5.95924e-46
2.71109e+01 5.87248e-46
2.71734e+01 5.78720e-46
2.72361e+01 5.70337e-46
2.72989e+01 5.62099e-46
2.73619e+01 5.54000e-46
2.74250e+01 5.46040e-46
2.74882e+01 5.38215e-46
2.75516e+01 5.30524e-46
2.76151e+01 5.22963e-46
2.76788e+01 5.15531e-46
2.77426e+01 5.08225e-46
2.78066e+01 5.01043e-46
2.78707e+01 4.93983e-46
2.79350e+01 4.87042e-46
2.79994e+01 4.80219e-46
2.80640e+01 4.73510e-46
2.81287e+01 4.66915e-46
2.81936e+01 4.60432e-46
2.82586e+01 4.54057e-46
2.83237e+01 4.47790e-46
2.83891e+01 4.41628e-46
2.84545e+01 4.35570e-46
2.85201e+01 4.29613e-46
2.85859e+01 4.23756e-46
2.86518e+01 4.17997e-46
2.87179e+01 4.12335e-46
2.87841e+01 4.06767e-46
2.88505e+01 4.01292e-46
2.89170e+01 3.95909e-46
2.89837e+01 3.90615e-46
2.90506e+01 3.85409e-46
2.91175e+01 3.80290e-46
2.91847e+01 3.75256e-46
2.92520e+01 3.70305e-46
2.93194e+01 3.65436e-46
2.93871e+01 3.60648e-46
2.94548e+01 3.55939e-46
2.95227e+01 3.51308e-46
2.95908e+01 3.46753e-46
2.96591e+01 3.42273e-46
2.97275e+01 3.37868e-46
2.97960e+01 3.33534e-46
2.98647e+01 3.29272e-46
2.99336e+01 3.25079e-46
3.00026e+01 3.20955e-46
3.00718e+01 3.16899e-46
3.01411e+01 3.12909e-46
3.02106e+01 3.08984e-46
3.02803e+01 3.05124e-46
3.03501e+01 3.01326e-46
3.04201e+01 2.97589e-46
3.04903e+01 2.93914e-46
3.05606e+01 2.90298e-46
3.06311e+01 2.86741e-46
3.07017e+01 2.83241e-46
3.07725e+01 2.79798e-46
3.08435e+01 2.76411e-46
3.09146e+01 2.73078e-46
3.09859e+01 2.69799e-46
3.10573e+01 2.66572e-46
3.11289e+01 2.63397e-46
3.12007e+01 2.60274e-46
3.12727e+01 2.57200e-46
3.13448e+01 2.54175e-46
3.14171e+01 2.51199e-46
3.14895e+01 2.48270e-46
3.15621e+01 2.45388e-46
3.16349e+01 2.42552e-46
3.17079e+01 2.39761e-46
3.17810e+01 2.37014e-46
3.18543e+01 2.34311e-46
3.19277e+01 2.31650e-46
3.20014e+01 2.29031e-46
3.20752e+01 2.26454e-46
3.21491e+01 2.23917e-46
3.22233e+01 2.21420e-46
3.22976e+01 2.18963e-46
3.23720e+01 2.16544e-46
3.24467e+01 2.14162e-46
3.25215e+01 2.11818e-46
3.25965e+01 2.09511e-46
3.26717e+01 2.07240e-46
3.27470e+01 2.05003e-46
3.28225e+01 2.02802e-46
3.28982e+01 2.00635e-46
3.29741e+01 1.98501e-46
3.30501e+01 1.96400e-46
3.31263e+01 1.94332e-46
3.32027e+01 1.92296e-46
3.32793e+01 1.90291e-46
3.33560e+01 1.88316e-46
3.34330e+01 1.86372e-46
3.35100e+01 1.84458e-46
3.35873e+01 1.82573e-46
3.36648e+01 1.80717e-46
3.37424e+01 1.78889e-46
3.38202e+01 1.77088e-46
3.38982e+01 1.75316e-46
3.39764e+01 1.73569e-46
3.40547e+01 1.71850e-46
3.41333e+01 1.70156e-46
3.42120e+01 1.68488e-46
3.42909e+01 1.66845e-46
3.43699e+01 1.65227e-46
3.44492e+01 1.63632e-46
3.45286e+01 1.62062e-46
3.46083e+01 1.60515e-46
3.46881e+01 1.58991e-46
3.47681e+01 1.57490e-46
3.48482e+01 1.56011e-46
3.49286e+01 1.54554e-46
3.50091e+01 1.53119e-46
3.50899e+01 1.51705e-46
3.51708e+01 1.50311e-46
3.52519e+01 1.48938e-46
3.53332e+01 1.47586e-46
3.54147e+01 1.46253e-46
3.54963e+01 1.44939e-46
3.55782e+01 1.43645e-46
3.56602e+01 1.42369e-46
3.57425e+01 1.41112e-46
3.58249e+01 1.39873e-46
3.59075e+01 1.38652e-46
3.59903e+01 1.37449e-46
3.60733e+01 1.36263e-46
3.61565e+01 1.35094e-46
3.62398e+01 1.33942e-46
3.63234e+01 1.32807e-46
3.64072e+01 1.31687e-46
3.64911e+01 1.30584e-46
3.65753e+01 1.29496e-46
3.66596e+01 1.28423e-46
3.67442e+01 1.27366e-46
3.68289e+01 1.26324e-46
3.69138e+01 1.25296e-46
3.69990e+01 1.24283e-46
3.70843e+01 1.23284e-46
3.71698e+01 1.22299e-46
3.72555e+01 1.21328e-46
3.73414e+01 1.20370e-46
3.74275e+01 1.19426e-46
3.75138e+01 1.18494e-46
3.76003e+01 1.17576e-46
3.76870e+01 1.16670e-46
3.77739e+01 1.15777e-46
3.78611e+01 1.14895e-46
3.79484e+01 1.14026e-46
3.80359e+01 1.13169e-46
3.81236e+01 1.12324e-46
3.82115e+01 1.11490e-46
3.82996e+01 1.10667e-46
3.83879e+01 1.09855e-46
3.84765e+01 1.09055e-46
3.85652e+01 1.08265e-46
3.86541e+01 1.07485e-46
3.87433e+01 1.06717e-46
3.88326e+01 1.05958e-46
3.89221e+01 1.05209e-46
3.90119e+01 1.04471e-46
3.91019e+01 1.03742e-46
3.91920e+01 1.03023e-46
3.92824e+01 1.02313e-46
3.93730e+01 1.01613e-46
3.94638e+01 1.00921e-46
3.95548e+01 1.00239e-46
3.96460e+01 9.95659e-47
3.97374e+01 9.89013e-47
3.98291e+01 9.82453e-47
3.99209e+01 9.75978e-47
4.00130e+01 9.69586e-47
4.01052e+01 9.63277e-47
4.01977e+01 9.57048e-47
4.02904e+01 9.50898e-47
4.03833e+01 9.44827e-47
4.04764e+01 9.38833e-47
4.05698e+01 9.32915e-47
4.06633e+01 9.27071e-47
4.07571e+01 9.21301e-47
4.08511e+01 9.15604e-47
4.09453e+01 9.09977e-47
4.10397e+01 9.04421e-47
4.11344e+01 8.98934e-47
4.12292e+01 8.93514e-47
4.13243e+01 8.88162e-47
4.14196e+01 8.82876e-47
4.15151e+01 8.77654e-47
4.16108e+01 8.72497e-47
4.17068e+01 8.67402e-47
4.18030e+01 8.62370e-47
4.18994e+01 8.57398e-47
4.19960e+01 8.52487e-47
4.20928e+01 8.47634e-47
4.21899e+01 8.42840e-47
4.22872e+01 8.38104e-47
4.23847e+01 8.33424e-47
4.24824e+01 8.28799e-47
4.25804e+01 8.24230e-47
4.26786e+01 8.19714e-47
4.27770e+01 8.15252e-47
4.28757e+01 8.10842e-47
4.29745e+01 8.06484e-47
4.30736e+01 8.02176e-47
4.31730e+01 7.97919e-47
4.32725e+01 7.93711e-47
4.33723e+01 7.89552e-47
4.34723e+01 7.85440e-47
4.35726e+01 7.81376e-47
4.36730e+01 7.77358e-47
4.37737e+01 7.73385e-47
4.38747e+01 7.69458e-47
4.39759e+01 7.65576e-47
4.40773e+01 7.61737e-47
4.41789e+01 7.57941e-47
4.42808e+01 7.54188e-47
4.43829e+01 7.50477e-47
4.44853e+01 7.46807e-47
4.45878e+01 7.43177e-47
4.46907e+01 7.39588e-47
4.47937e+01 7.36038e-47
4.48970e+01 7.32527e-47
4.50005e+01 7.29055e-47
4.51043e+01 7.25620e-47
4.52083e+01 7.22223e-47
4.53126e+01 7.18862e-47
4.54171e+01 7.15537e-47
4.55218e+01 7.12248e-47
4.56268e+01 7.08995e-47
4.57320e+01 7.05776e-47
4.58374e+01 7.02591e-47
4.59431e+01 6.99439e-47
4.60491e+01 6.96321e-47
4.61553e+01 6.93236e-47
4.62617e+01 6.90183e-47
4.63684e+01 6.87162e-47
4.64753e+01 6.84172e-47
4.65825e+01 6.81213e-47
4.66899e+01 6.78284e-47
4.67976e+01 6.75386e-47
4.69055e+01 6.72517e-47
4.70137e+01 6.69677e-47
4.71221e+01 6.66867e-47
4.72307e+01 6.64084e-47
4.73397e+01 6.61330e-47
4.74488e+01 6.58603e-47
4.75582e+01 6.55904e-47
4.76679e+01 6.53231e-47
4.77778e+01 6.50585e-47
4.78880e+01 6.47965e-47
4.79984e+01 6.45371e-47
4.81091e+01 6.42802e-47
4.82201e+01 6.40258e-47
4.83313e+01 6.37739e-47
4.84427e+01 6.35244e-47
4.85544e+01 6.32774e-47
4.86664e+01 6.30327e-47
4.87786e+01 6.27904e-47
4.88911e+01 6.25504e-47
4.90038e+01 6.23126e-47
4.91168e+01 6.20771e-47
4.92301e+01 6.18438e-47
4.93436e+01 6.16127e-47
4.94574e+01 6.13838e-47
4.95715e+01 6.11570e-47
4.96858e+01 6.09323e-47
4.98004e+01 6.07097e-47
4.99152e+01 6.04891e-47
5.00303e+01 6.02706e-47
5.01457e+01 6.00540e-47
5.02613e+01 5.98394e-47
5.03772e+01 5.96268e-47
5.04934e+01 5.94161e-47
5.06098e+01 5.92072e-47
5.07265e+01 5.90003e-47
5.08435e+01 5.87951e-47
5.09607e+01 5.85918e-47
5.10783e+01 5.83903e-47
5.11960e+01 5.81906e-47
5.13141e+01 5.79926e-47
5.14324e+01 5.77963e-47
5.15510e+01 5.76018e-47
5.16699e+01 5.74089e-47
5.17891e+01 5.72177e-47
5.19085e+01 5.70281e-47
5.20282e+01 5.68402e-47
5.21482e+01 5.66538e-47
5.22684e+01 5.64691e-47
5.23890e+01 5.62859e-47
5.25098e+01 5.61042e-47
5.26309e+01 5.59241e-47
5.27522e+01 5.57454e-47
5.28739e+01 5.55683e-47
5.29958e+01 5.53926e-47
5.31180e+01 5.52183e-47
5.32405e+01 5.50455e-47
5.33633e+01 5.48741e-47
5.34863e+01 5.47041e-47
5.36097e+01 5.45355e-47
5.37333e+01 5.43682e-47
5.38572e+01 5.42023e-47
5.39814e+01 5.40377e-47
5.41059e+01 5.38744e-47
5.42306e+01 5.37124e-47
5.43557e+01 5.35517e-47
5.44810e+01 5.33923e-47
5.46067e+01 5.32341e-47
5.47326e+01 5.30771e-47
5.48588e+01 5.29214e-47
5.49853e+01 5.27668e-47
5.51121e+01 5.26135e-47
5.52392e+01 5.24613e-47
5.53666e+01 5.23103e-47
5.54943e+01 5.21605e-47
5.56222e+01 5.20117e-47
5.57505e+01 5.18642e-47
5.58791e+01 5.17177e-47
5.60079e+01 5.15723e-47
5.61371e+01 5.14280e-47
5.62665e+01 5.12847e-47
5.63963e+01 5.11426e-47
5.65263e+01 5.10015e-47
5.66567e+01 5.08614e-47
5.67873e+01 5.07223e-47
5.69183e+01 5.05842e-47
5.70495e+01 5.04472e-47
5.71811e+01 5.03111e-47
5.73129e+01 5.01760e-47
5.74451e+01 5.00419e-47
5.75776e+01 4.99087e-47
5.77104e+01 4.97765e-47
5.78434e+01 4.96452e-47
5.79768e+01 4.95149e-47
5.81105e+01 4.93854e-47
5.82445e+01 4.92569e-47
5.83788e+01 4.91292e-47
5.85135e+01 4.90025e-47
5.86484e+01 4.88766e-47
5.87836e+01 4.87515e-47
5.89192e+01 4.86274e-47
5.90551e+01 4.85040e-47
5.91912e+01 4.83815e-47
5.93277e+01 4.82599e-47
5.94645e+01 4.81390e-47
5.96017e+01 4.80190e-47
5.97391e+01 4.78998e-47
5.98769e+01 4.77813e-47
6.00149e+01 4.76637e-47
6.01533e+01 4.75468e-47
6.02921e+01 4.74307e-47
6.04311e+01 4.73153e-47
6.05704e+01 4.72007e-47
6.07101e+01 4.70869e-47
6.08501e+01 4.69737e-47
6.09904e+01 4.68613e-47
6.11311e+01 4.67497e-47
6.12721e+01 4.66387e-47
6.14133e+01 4.65284e-47
6.15550e+01 4.64189e-47
6.16969e+01 4.63100e-47
6.18392e+01 4.62018e-47
6.19818e+01 4.60943e-47
6.21247e+01 4.59875e-47
6.22680e+01 4.58813e-47
6.24116e+01 4.57758e-47
6.25555e+01 4.56709e-47
6.26997e+01 4.55667e-47
6.28443e+01 4.54631e-47
6.29892e+01 4.53602e-47
6.31345e+01 4.52578e-47
6.32801e+01 4.51561e-47
6.34260e+01 4.50550e-47
6.35723e+01 4.49545e-47
6.37189e+01 4.48546e-47
6.38658e+01 4.47553e-47
6.40131e+01 4.46566e-47
6.41607e+01 4.45585e-47
6.43087e+01 4.44609e-47
6.44570e+01 4.43640e-47
6.46056e+01 4.42675e-47
6.47546e+01 4.41717e-47
6.49039e+01 4.40764e-47
6.50536e+01 4.39816e-47
6.52036e+01 4.38874e-47
6.53539e+01 4.37938e-47
6.55046e+01 4.37006e-47
6.56557e+01 4.36080e-47
6.58071e+01 4.35160e-47
6.59589e+01 4.34244e-47
6.61110e+01 4.33333e-47
6.62634e+01 4.32428e-47
6.64162e+01 4.31528e-47
6.65694e+01 4.30632e-47
6.67229e+01 4.29742e-47
6.68767e+01 4.28857e-47
6.70310e+01 4.27976e-47
6.71855e+01 4.27100e-47
6.73405e+01 4.26229e-47
6.74958e+01 4.25363e-47
6.76514e+01 4.24501e-47
6.78074e+01 4.23645e-47
6.79638e+01 4.22792e-47
6.81205e+01 4.21944e-47
6.82776e+01 4.21101e-47
6.84350e+01 4.20262e-47
6.85928e+01 4.19428e-47
6.87510e+01 4.18598e-47
6.89096e+01 4.17773e-47
6.90685e+01 4.16951e-47
6.92277e+01 4.16135e-47
6.93874e+01 4.15322e-47
6.95474e+01 4.14513e-47
6.97078e+01 4.13709e-47
6.98685e+01 4.12909e-47
7.00296e+01 4.12113e-47
7.01911e+01 4.11321e-47
7.03530e+01 4.10533e-47
7.05152e+01 4.09749e-47
7.06778e+01 4.08969e-47
7.08408e+01 4.08193e-47
7.10042e+01 4.07421e-47
7.11679e+01 4.06653e-47
7.13320e+01 4.05888e-47
7.14965e+01 4.05127e-47
7.16614e+01 4.04371e-47
7.18266e+01 4.03617e-47
7.19923e+01 4.02868e-47
7.21583e+01 4.02122e-47
7.23247e+01 4.01380e-47
7.24914e+01 4.00642e-47
7.26586e+01 3.99907e-47
7.28262e+01 3.99175e-47
7.29941e+01 3.98448e-47
7.31624e+01 3.97723e-47
7.33311e+01 3.97002e-47
7.35002e+01 3.96285e-47
7.36697e+01 3.95571e-47
7.38396e+01 3.94860e-47
7.40099e+01 3.94153e-47
7.41806e+01 3.93449e-47
7.43516e+01 3.92749e-47
7.45231e+01 3.92051e-47
7.46949e+01 3.91357e-47
7.48672e+01 3.90666e-47
7.50398e+01 3.89979e-47
7.52129e+01 3.89294e-47
7.53863e+01 3.88613e-47
7.55601e+01 3.87935e-47
7.57344e+01 3.87260e-47
7.59090e+01 3.86588e-47
7.60841e+01 3.85919e-47
7.62595e+01 3.85253e-47
7.64354e+01 3.84590e-47
7.66116e+01 3.83930e-47
7.67883e+01 3.83273e-47
7.69654e+01 3.82620e-47
7.71429e+01 3.81968e-47
7.73208e+01 3.81320e-47
7.74991e+01 3.80675e-47
7.76778e+01 3.80033e-47
7.78569e+01 3.79393e-47
7.80364e+01 3.78756e-47
7.82164e+01 3.78122e-47
7.83968e+01 3.77491e-47
7.85775e+01 3.76863e-47
7.87587e+01 3.76237e-47
7.89404e+01 3.75614e-47
7.91224e+01 3.74994e-47
7.93049e+01 3.74376e-47
7.94877e+01 3.73761e-47
7.96710e+01 3.73149e-47
7.98548e+01 3.72539e-47
8.00389e+01 3.71932e-47
8.02235e+01 3.71328e-47
8.04085e+01 3.70726e-47
8.05939e+01 3.70126e-47
8.07797e+01 3.69530e-47
8.09660e+01 3.68935e-47
8.11527e+01 3.68343e-47
8.13399e+01 3.67754e-47
8.15274e+01 3.67167e-47
8.17154e+01 3.66582e-47
8.19039e+01 3.66000e-47
8.20927e+01 3.65421e-47
8.22820e+01 3.64843e-47
8.24718e+01 3.64269e-47
8.26620e+01 3.63696e-47
8.28526e+01 3.63126e-47
8.30437e+01 3.62558e-47
8.32352e+01 3.61992e-47
8.34271e+01 3.61429e-47
8.36195e+01 3.60868e-47
8.38123e+01 3.60309e-47
8.40056e+01 3.59753e-47
8.41993e+01 3.59199e-47
8.43935e+01 3.58646e-47
8.45881e+01 3.58097e-47
8.47831e+01 3.57549e-47
8.49786e+01 3.57004e-47
8.51746e+01 3.56460e-47
8.53710e+01 3.55919e-47
8.55679e+01 3.55380e-47
8.57652e+01 3.54843e-47
8.59630e+01 3.54308e-47
8.61612e+01 3.53776e-47
8.63599e+01 3.53245e-47
8.65590e+01 3.52717e-47
8.67586e+01 3.52190e-47
8.69587e+01 3.51666e-47
8.71592e+01 3.51143e-47
8.73602e+01 3.50623e-47
8.75617e+01 3.50104e-47
8.77636e+01 3.49588e-47
8.79660e+01 3.49074e-47
8.81688e+01 3.48561e-47
8.83722e+01 3.48051e-47
8.85759e+01 3.47542e-47
8.87802e+01 3.47035e-47
8.89849e+01 3.46531e-47
8.91901e+01 3.46028e-47
8.93958e+01 3.45527e-47
8.96019e+01 3.45028e-47
8.98086e+01 3.44531e-47
9.00157e+01 3.44035e-47
9.02232e+01 3.43542e-47
9.04313e+01 3.43050e-47
9.06398e+01 3.42560e-47
9.08489e+01 3.42072e-47
9.10583e+01 3.41586e-47
9.12683e+01 3.41102e-47
9.14788e+01 3.40619e-47
9.16897e+01 3.40138e-47
9.19012e+01 3.39659e-47
9.21131e+01 3.39182e-47
9.23255e+01 3.38706e-47
9.25384e+01 3.38233e-47
9.27518e+01 3.37761e-47
9.29657e+01 3.37290e-47
9.31801e+01 3.36821e-47
9.33950e+01 3.36354e-47
9.36103e+01 3.35889e-47
9.38262e+01 3.35426e-47
9.40426e+01 3.34964e-47
9.42594e+01 3.34503e-47
9.44768e+01 3.34045e-47
9.46946e+01 3.33588e-47
9.49130e+01 3.33132e-47
9.51319e+01 3.32678e-47
9.53513e+01 3.32226e-47
9.55711e+01 3.31776e-47
9.57915e+01 3.31327e-47
9.60124e+01 3.30879e-47
9.62338e+01 3.30433e-47
9.64557e+01 3.29989e-47
9.66782e+01 3.29547e-47
9.69011e+01 3.29105e-47
9.71246e+01 3.28666e-47
9.73485e+01 3.28228e-47
9.75730e+01 3.27791e-47
9.77980e+01 3.27356e-47
9.80236e+01 3.26923e-47
9.82496e+01 3.26491e-47
9.84762e+01 3.26060e-47
9.87032e+01 3.25631e-47
9.89309e+01 3.25204e-47
9.91590e+01 3.24778e-47
9.93877e+01 3.24353e-47
9.96168e+01 3.23930e-47
9.98466e+01 3.23508e-47
1.00077e+02 3.23088e-47
1.00308e+02 3.22669e-47
1.00539e+02 3.22252e-47
1.00771e+02 3.21836e-47
1.01003e+02 3.21421e-47
1.01236e+02 3.21008e-47
1.01469e+02 3.20596e-47
1.01703e+02 3.20186e-47
1.01938e+02 3.19777e-47
1.02173e+02 3.19369e-47
1.02409e+02 3.18963e-47
1.02645e+02 3.18558e-47
1.02882e+02 3.18155e-47
1.03119e+02 3.17752e-47
1.03357e+02 3.17352e-47
1.03595e+02 3.16952e-47
1.03834e+02 3.16554e-47
1.04073e+02 3.16157e-47
1.04313e+02 3.15762e-47
1.04554e+02 3.15367e-47
1.04795e+02 3.14974e-47
1.05037e+02 3.14583e-47
1.05279e+02 3.14192e-47
1.05522e+02 3.13803e-47
1.05765e+02 3.13416e-47
1.06009e+02 3.13029e-47
1.06253e+02 3.12644e-47
1.06498e+02 3.12260e-47
1.06744e+02 3.11877e-47
1.06990e+02 3.11496e-47
1.07237e+02 3.11116e-47
1.07484e+02 3.10737e-47
1.07732e+02 3.10359e-47
1.07980e+02 3.09983e-47
1.08229e+02 3.09607e-47
1.08479e+02 3.09233e-47
1.08729e+02 3.08860e-47
1.08980e+02 3.08489e-47
1.09231e+02 3.08118e-47
1.09483e+02 3.07749e-47
1.09735e+02 3.07381e-47
1.09988e+02 3.07014e-47
1.10242e+02 3.06648e-47
1.10496e+02 3.06284e-47
1.10751e+02 3.05920e-47
1.11007e+02 3.05558e-47
1.11262e+02 3.05197e-47
1.11519e+02 3.04837e-47
1.11776e+02 3.04479e-47
1.12034e+02 3.04121e-47
1.12292e+02 3.03765e-47
1.12551e+02 3.03409e-47
1.12811e+02 3.03055e-47
1.13071e+02 3.02702e-47
1.13332e+02 3.02350e-47
1.13593e+02 3.01999e-47
1.13855e+02 3.01650e-47
1.14118e+02 3.01301e-47
1.14381e+02 3.00953e-47
1.14644e+02 3.00607e-47
1.14909e+02 3.00262e-47
1.15174e+02 2.99917e-47
1.15439e+02 2.99574e-47
1.15706e+02 2.99232e-47
1.15972e+02 2.98891e-47
1.16240e+02 2.98551e-47
1.16508e+02 2.98212e-47
1.16777e+02 2.97875e-47
1.17046e+02 2.97538e-47
1.17316e+02 2.97202e-47
1.17586e+02 2.96867e-47
1.17857e+02 2.96534e-47
1.18129e+02 2.96201e-47
1.18402e+02 2.95870e-47
1.18675e+02 2.95539e-47
1.18948e+02 2.95210e-47
1.19223e+02 2.94881e-47
1.19498e+02 2.94554e-47
1.19773e+02 2.94227e-47
1.20049e+02 2.93902e-47
1.20326e+02 2.93577e-47
1.20604e+02 2.93254e-47
1.20882e+02 2.92932e-47
1.21161e+02 2.92610e-47
1.21440e+02 2.92290e-47
1.21720e+02 2.91970e-47
1.22001e+02 2.91652e-47
1.22282e+02 2.91334e-47
1.22564e+02 2.91018e-47
1.22847e+02 2.90702e-47
1.23130e+02 2.90388e-47
1.23414e+02 2.90074e-47
1.23698e+02 2.89762e-47
1.23984e+02 2.89450e-47
1.24270e+02 2.89139e-47
1.24556e+02 2.88830e-47
1.24843e+02 2.88521e-47
1.25131e+02 2.88213e-47
1.25420e+02 2.87906e-47
1.25709e+02 2.87600e-47
1.25999e+02 2.87295e-47
1.26289e+02 2.86991e-47
1.26581e+02 2.86688e-47
1.26873e+02 2.86385e-47
1.27165e+02 2.86084e-47
1.27458e+02 2.85784e-47
1.27752e+02 2.85484e-47
1.28047e+02 2.85185e-47
1.28342e+02 2.84888e-47
1.28638e+02 2.84591e-47
1.28935e+02 2.84295e-47
1.29232e+02 2.84000e-47
1.29530e+02 2.83706e-47
1.29829e+02 2.83413e-47
1.30128e+02 2.83121e-47
1.30428e+02 2.82829e-47
1.30729e+02 2.82539e-47
1.31031e+02 2.82249e-47
1.31333e+02 2.81960e-47
1.31636e+02 2.81672e-47
1.31939e+02 2.81385e-47
1.32243e+02 2.81099e-47
1.32548e+02 2.80814e-47
1.32854e+02 2.80529e-47
1.33160e+02 2.80246e-47
1.33467e+02 2.79963e-47
1.33775e+02 2.79681e-47
1.34084e+02 2.79400e-47
1.34393e+02 2.79120e-47
1.34703e+02 2.78841e-47
1.35013e+02 2.78562e-47
1.35325e+02 2.78285e-47
1.35637e+02 2.78008e-47
1.35950e+02 2.77732e-47
1.36263e+02 2.77457e-47
1.36577e+02 2.77183e-47
1.36892e+02 2.76909e-47
1.37208e+02 2.76636e-47
1.37524e+02 2.76365e-47
1.37841e+02 2.76094e-47
1.38159e+02 2.75824e-47
1.38478e+02 2.75554e-47
1.38797e+02 2.75286e-47
1.39117e+02 2.75018e-47
1.39438e+02 2.74751e-47
1.39760e+02 2.74485e-47
1.40082e+02 2.74220e-47
1.40405e+02 2.73955e-47
1.40729e+02 2.73691e-47
1.41053e+02 2.73428e-47
1.41379e+02 2.73166e-47
1.41705e+02 2.72905e-47
1.42031e+02 2.72644e-47
1.42359e+02 2.72385e-47
1.42687e+02 2.72126e-47
1.43016e+02 2.71868e-47
1.43346e+02 2.71610e-47
1.43677e+02 2.71354e-47
1.44008e+02 2.71098e-47
1.44340e+02 2.70843e-47
1.44673e+02 2.70588e-47
1.45006e+02 2.70335e-47
1.45341e+02 2.70082e-47
1.45676e+02 2.69830e-47
1.46012e+02 2.69579e-47
1.46349e+02 2.69328e-47
1.46686e+02 2.69079e-47
1.47024e+02 2.68830e-47
1.47363e+02 2.68581e-47
1.47703e+02 2.68334e-47
1.48044e+02 2.68087e-47
1.48385e+02 2.67841e-47
1.48727e+02 2.67596e-47
1.49070e+02 2.67352e-47
1.49414e+02 2.67108e-47
1.49759e+02 2.66865e-47
1.50104e+02 2.66623e-47
1.50450e+02 2.66381e-47
1.50797e+02 2.66140e-47
1.51145e+02 2.65900e-47
1.51493e+02 2.65661e-47
1.51843e+02 2.65422e-47
1.52193e+02 2.65185e-47
1.52544e+02 2.64947e-47
1.52896e+02 2.64711e-47
1.53248e+02 2.64475e-47
1.53601e+02 2.64240e-47
1.53956e+02 2.64006e-47
1.54311e+02 2.63773e-47
1.54667e+02 2.63540e-47
1.55023e+02 2.63308e-47
1.55381e+02 2.63076e-47
1.55739e+02 2.62846e-47
1.56098e+02 2.62616e-47
1.56458e+02 2.62386e-47
1.56819e+02 2.62158e-47
1.57181e+02 2.61930e-47
1.57543e+02 2.61703e-47
1.57906e+02 2.61476e-47
1.58270e+02 2.61251e-47
1.58635e+02 2.61026e-47
1.59001e+02 2.60801e-47
1.59368e+02 2.60578e-47
1.59735e+02 2.60355e-47
1.60104e+02 2.60132e-47
1.60473e+02 2.59911e-47
1.60843e+02 2.59690e-47
1.61214e+02 2.59469e-47
1.61586e+02 2.59250e-47
1.61958e+02 2.59031e-47
1.62332e+02 2.58813e-47
1.62706e+02 2.58595e-47
1.63081e+02 2.58378e-47
1.63457e+02 2.58162e-47
1.63834e+02 2.57947e-47
1.64212e+02 2.57732e-47
1.64591e+02 2.57518e-47
1.64970e+02 2.57304e-47
1.65351e+02 2.57092e-47
1.65732e+02 2.56879e-47
1.66114e+02 2.56668e-47
1.66497e+02 2.56457e-47
1.66881e+02 2.56247e-47
1.67266e+02 2.56037e-47
1.67652e+02 2.55829e-47
1.68038e+02 2.55620e-47
1.68426e+02 2.55413e-47
1.68814e+02 2.55206e-47
1.69204e+02 2.55000e-47
1.69594e+02 2.54794e-47
1.69985e+02 2.54589e-47
1.70377e+02 2.54385e-47
1.70770e+02 2.54182e-47
1.71163e+02 2.53979e-47
1.71558e+02 2.53776e-47
1.71954e+02 2.53575e-47
1.72350e+02 2.53374e-47
1.72748e+02 2.53173e-47
1.73146e+02 2.52974e-47
1.73545e+02 2.52775e-47
1.73946e+02 2.52576e-47
1.74347e+02 2.52378e-47
1.74749e+02 2.52181e-47
1.75152e+02 2.51985e-47
1.75556e+02 2.51789e-47
1.75960e+02 2.51593e-47
1.76366e+02 2.51399e-47
1.76773e+02 2.51205e-47
1.77181e+02 2.51012e-47
1.77589e+02 2.50819e-47
1.77999e+02 2.50627e-47
1.78409e+02 2.50435e-47
1.78821e+02 2.50244e-47
1.79233e+02 2.50054e-47
1.79646e+02 2.49864e-47
1.80061e+02 2.49676e-47
1.80476e+02 2.49487e-47
1.80892e+02 2.49299e-47
1.81309e+02 2.49112e-47
1.81727e+02 2.48926e-47
1.82146e+02 2.48740e-47
1.82566e+02 2.48555e-47
1.82987e+02 2.48370e-47
1.83409e+02 2.48186e-47
1.83832e+02 2.48003e-47
1.84256e+02 2.47820e-47
1.84681e+02 2.47638e-47
1.85107e+02 2.47456e-47
1.85534e+02 2.47275e-47
1.85962e+02 2.47095e-47
1.86390e+02 2.46915e-47
1.86820e+02 2.46736e-47
1.87251e+02 2.46557e-47
1.87683e+02 2.46379e-47
1.88116e+02 2.46202e-47
1.88549e+02 2.46025e-47
1.88984e+02 2.45849e-47
1.89420e+02 2.45674e-47
1.89857e+02 2.45499e-47
1.90295e+02 2.45324e-47
1.90733e+02 2.45151e-47
1.91173e+02 2.44977e-47
1.91614e+02 2.44805e-47
1.92056e+02 2.44633e-47
1.92499e+02 2.44462e-47
1.92943e+02 2.44291e-47
1.93388e+02 2.44121e-47
1.93834e+02 2.43951e-47
1.94281e+02 2.43782e-47
1.94729e+02 2.43614e-47
1.95178e+02 2.43446e-47
1.95628e+02 2.43279e-47
1.96079e+02 2.43112e-47
1.96531e+02 2.42946e-47
1.96984e+02 2.42781e-47
1.97438e+02 2.42616e-47
1.97894e+02 2.42452e-47
1.98350e+02 2.42288e-47
1.98808e+02 2.42125e-47
1.99266e+02 2.41963e-47
1.99725e+02 2.41801e-47
2.00186e+02 2.41639e-47
2.00648e+02 2.41479e-47
2.01110e+02 2.41319e-47
2.01574e+02 2.41159e-47
2.02039e+02 2.41000e-47
2.02505e+02 2.40842e-47
2.02972e+02 2.40684e-47
2.03440e+02 2.40527e-47
2.03909e+02 2.40370e-47
2.04379e+02 2.40214e-47
2.04851e+02 2.40058e-47
2.05323e+02 2.39903e-47
2.05796e+02 2.39749e-47
2.06271e+02 2.39595e-47
2.06747e+02 2.39442e-47
2.07223e+02 2.39289e-47
2.07701e+02 2.39137e-47
2.08180e+02 2.38986e-47
2.08660e+02 2.38835e-47
2.09141e+02 2.38685e-47
2.09624e+02 2.38535e-47
2.10107e+02 2.38386e-47
2.10592e+02 2.38237e-47
2.11077e+02 2.38089e-47
2.11564e+02 2.37941e-47
2.12052e+02 2.37795e-47
2.12541e+02 2.37648e-47
2.13031e+02 2.37502e-47
2.13522e+02 2.37357e-47
2.14015e+02 2.37213e-47
2.14508e+02 2.37069e-47
2.15003e+02 2.36925e-47
2.15499e+02 2.36782e-47
2.15996e+02 2.36640e-47
2.16494e+02 2.36498e-47
2.16993e+02 2.36357e-47
2.17493e+02 2.36216e-47
2.17995e+02 2.36076e-47
2.18498e+02 2.35936e-47
2.19001e+02 2.35797e-47
2.19506e+02 2.35659e-47
2.20013e+02 2.35521e-47
2.20520e+02 2.35384e-47
2.21028e+02 2.35247e-47
2.21538e+02 2.35111e-47
2.22049e+02 2.34975e-47
2.22561e+02 2.34840e-47
2.23074e+02 2.34706e-47
2.23589e+02 2.34572e-47
2.24104e+02 2.34439e-47
2.24621e+02 2.34306e-47
2.25139e+02 2.34173e-47
2.25658e+02 2.34042e-47
2.26179e+02 2.33911e-47
2.26700e+02 2.33780e-47
2.27223e+02 2.33650e-47
2.27747e+02 2.33521e-47
2.28272e+02 2.33392e-47
2.28798e+02 2.33263e-47
2.29326e+02 2.33136e-47
2.29855e+02 2.33008e-47
2.30385e+02 2.32882e-47
2.30916e+02 2.32756e-47
2.31449e+02 2.32630e-47
2.31982e+02 2.32505e-47
2.32517e+02 2.32381e-47
2.33054e+02 2.32257e-47
2.33591e+02 2.32134e-47
2.34130e+02 2.32011e-47
2.34670e+02 2.31889e-47
2.35211e+02 2.31767e-47
2.35753e+02 2.31646e-47
2.36297e+02 2.31525e-47
2.36842e+02 2.31405e-47
2.37388e+02 2.31286e-47
2.37935e+02 2.31167e-47
2.38484e+02 2.31049e-47
2.39034e+02 2.30931e-47
2.39585e+02 2.30814e-47
2.40138e+02 2.30697e-47
2.40691e+02 2.30581e-47
2.41246e+02 2.30466e-47
2.41803e+02 2.30351e-47
2.42360e+02 2.30236e-47
2.42919e+02 2.30122e-47
2.43479e+02 2.30009e-47
2.44041e+02 2.29896e-47
2.44604e+02 2.29784e-47
2.45168e+02 2.29672e-47
2.45733e+02 2.29561e-47
2.46300e+02 2.29451e-47
2.46868e+02 2.29341e-47
2.47437e+02 2.29231e-47
2.48007e+02 2.29123e-47
2.48579e+02 2.29014e-47
2.49153e+02 2.28906e-47
2.49727e+02 2.28799e-47
2.50303e+02 2.28693e-47
2.50880e+02 2.28586e-47
2.51459e+02 2.28481e-47
2.52039e+02 2.28376e-47
2.52620e+02 2.28272e-47
2.53202e+02 2.28168e-47
2.53786e+02 2.28064e-47
2.54372e+02 2.27962e-47
2.54958e+02 2.27859e-47
2.55546e+02 2.27758e-47
2.56135e+02 2.27657e-47
2.56726e+02 2.27556e-47
2.57318e+02 2.27456e-47
2.57911e+02 2.27357e-47
2.58506e+02 2.27258e-47
2.59102e+02 2.27159e-47
2.59700e+02 2.27062e-47
2.60299e+02 2.26965e-47
2.60899e+02 2.26868e-47
2.61500e+02 2.26772e-47
2.62103e+02 2.26676e-47
2.62708e+02 2.26581e-47
2.63314e+02 2.26487e-47
2.63921e+02 2.26393e-47
2.64530e+02 2.26300e-47
2.65140e+02 2.26207e-47
2.65751e+02 2.26115e-47
2.66364e+02 2.26023e-47
2.66978e+02 2.25932e-47
2.67594e+02 2.25842e-47
2.68211e+02 2.25752e-47
2.68829e+02 2.25662e-47
2.69449e+02 2.25573e-47
2.70071e+02 2.25485e-47
2.70693e+02 2.25398e-47
2.71318e+02 2.25310e-47
2.71943e+02 2.25224e-47
2.72570e+02 2.25138e-47
2.73199e+02 2.25052e-47
2.73829e+02 2.24968e-47
2.74460e+02 2.24883e-47
2.75093e+02 2.24799e-47
2.75728e+02 2.24716e-47
2.76363e+02 2.24634e-47
2.77001e+02 2.24552e-47
2.77639e+02 2.24470e-47
2.78280e+02 2.24389e-47
2.78921e+02 2.24309e-47
2.79565e+02 2.24229e-47
2.80209e+02 2.24150e-47
2.80855e+02 2.24071e-47
2.81503e+02 2.23993e-47
2.82152e+02 2.23915e-47
2.82803e+02 2.23838e-47
2.83455e+02 2.23762e-47
2.84109e+02 2.23686e-47
2.84764e+02 2.23611e-47
2.85421e+02 2.23536e-47
2.86079e+02 2.23462e-47
2.86738e+02 2.23389e-47
2.87400e+02 2.23316e-47
2.88062e+02 2.23243e-47
2.88727e+02 2.23172e-47
2.89392e+02 2.23100e-47
2.90060e+02 2.23030e-47
2.90729e+02 2.22960e-47
2.91399e+02 2.22890e-47
2.92071e+02 2.22821e-47
2.92745e+02 2.22753e-47
2.93420e+02 2.22685e-47
2.94096e+02 2.22618e-47
2.94774e+02 2.22551e-47
2.95454e+02 2.22485e-47
2.96136e+02 2.22420e-47
2.96818e+02 2.22355e-47
2.97503e+02 2.22290e-47
2.98189e+02 2.22227e-47
2.98877e+02 2.22163e-47
2.99566e+02 2.22101e-47
3.00257e+02 2.22039e-47
3.00949e+02 2.21977e-47
3.01643e+02 2.21917e-47
3.02339e+02 2.21856e-47
3.03036e+02 2.21797e-47
3.03735e+02 2.21738e-47
3.04435e+02 2.21679e-47
3.05137e+02 2.21621e-47
3.05841e+02 2.21564e-47
3.06546e+02 2.21507e-47
3.07253e+02 2.21451e-47
3.07961e+02 2.21396e-47
3.08671e+02 2.21341e-47
3.09383e+02 2.21286e-47
3.10097e+02 2.21233e-47
3.10812e+02 2.21180e-47
3.11529e+02 2.21127e-47
3.12247e+02 2.21075e-47
3.12967e+02 2.21024e-47
3.13689e+02 2.20973e-47
3.14412e+02 2.20923e-47
3.15137e+02 2.20873e-47
3.15864e+02 2.20824e-47
3.16592e+02 2.20776e-47
3.17322e+02 2.20728e-47
3.18054e+02 2.20681e-47
3.18787e+02 2.20634e-47
3.19523e+02 2.20588e-47
3.20259e+02 2.20543e-47
3.20998e+02 2.20498e-47
3.21738e+02 2.20454e-47
3.22480e+02 2.20411e-47
3.23224e+02 2.20368e-47
3.23969e+02 2.20326e-47
3.24716e+02 2.20284e-47
3.25465e+02 2.20243e-47
3.26215e+02 2.20202e-47
3.26968e+02 2.20162e-47
3.27722e+02 2.20123e-47
3.28477e+02 2.20085e-47
3.29235e+02 2.20047e-47
3.29994e+02 2.20009e-47
3.30755e+02 2.19972e-47
3.31518e+02 2.19936e-47
3.32282e+02 2.19901e-47
3.33049e+02 2.19866e-47
3.33817e+02 2.19832e-47
3.34586e+02 2.19798e-47
3.35358e+02 2.19765e-47
3.36131e+02 2.19733e-47
3.36906e+02 2.19701e-47
3.37683e+02 2.19670e-47
3.38462e+02 2.19639e-47
3.39242e+02 2.19609e-47
3.40025e+02 2.19580e-47
3.40809e+02 2.19551e-47
3.41595e+02 2.19523e-47
3.42382e+02 2.19496e-47
3.43172e+02 2.19469e-47
3.43963e+02 2.19443e-47
3.44757e+02 2.19418e-47
3.45552e+02 2.19393e-47
3.46348e+02 2.19369e-47
3.47147e+02 2.19346e-47
3.47948e+02 2.19323e-47
3.48750e+02 2.19301e-47
3.49554e+02 2.19279e-47
3.50360e+02 2.19258e-47
3.51168e+02 2.19238e-47
3.51978e+02 2.19218e-47
3.52790e+02 2.19199e-47
3.53603e+02 2.19181e-47
3.54419e+02 2.19163e-47
3.55236e+02 2.19146e-47
3.56055e+02 2.19130e-47
3.56876e+02 2.19114e-47
3.57699e+02 2.19099e-47
3.58524e+02 2.19085e-47
3.59351e+02 2.19071e-47
3.60179e+02 2.19058e-47
3.61010e+02 2.19046e-47
3.61842e+02 2.19034e-47
3.62677e+02 2.19023e-47
3.63513e+02 2.19013e-47
3.64351e+02 2.19003e-47
3.65192e+02 2.18994e-47
3.66034e+02 2.18986e-47
3.66878e+02 2.18979e-47
3.67724e+02 2.18972e-47
3.68572e+02 2.18965e-47
3.69422e+02 2.18960e-47
3.70274e+02 2.18955e-47
3.71128e+02 2.18951e-47
3.71983e+02 2.18947e-47
3.72841e+02 2.18944e-47
3.73701e+02 2.18942e-47
3.74563e+02 2.18941e-47
3.75426e+02 2.18940e-47
3.76292e+02 2.18940e-47
3.77160e+02 2.18941e-47
3.78030e+02 2.18942e-47
3.78901e+02 2.18944e-47
3.79775e+02 2.18947e-47
3.80651e+02 2.18950e-47
3.81529e+02 2.18955e-47
3.82408e+02 2.18959e-47
3.83290e+02 2.18965e-47
3.84174e+02 2.18971e-47
3.85060e+02 2.18978e-47
3.85948e+02 2.18986e-47
3.86838e+02 2.18995e-47
3.87730e+02 2.19004e-47
3.88624e+02 2.19014e-47
3.89520e+02 2.19024e-47
3.90419e+02 2.19036e-47
3.91319e+02 2.19048e-47
3.92221e+02 2.19061e-47
3.93126e+02 2.19075e-47
3.94032e+02 2.19089e-47
3.94941e+02 2.19104e-47
3.95852e+02 2.19120e-47
3.96765e+02 2.19137e-47
3.97679e+02 2.19154e-47
3.98597e+02 2.19172e-47
3.99516e+02 2.19191e-47
4.00437e+02 2.19211e-47
4.01360e+02 2.19231e-47
4.02286e+02 2.19252e-47
4.03214e+02 2.19275e-47
4.04143e+02 2.19297e-47
4.05075e+02 2.19321e-47
4.06009e+02 2.19346e-47
4.06946e+02 2.19371e-47
4.07884e+02 2.19397e-47
4.08825e+02 2.19424e-47
4.09767e+02 2.19452e-47
4.10712e+02 2.19481e-47
4.11660e+02 2.19510e-47
4.12609e+02 2.19541e-47
4.13560e+02 2.19572e-47
4.14514e+02 2.19605e-47
4.15470e+02 2.19638e-47
4.16428e+02 2.19673e-47
4.17388e+02 2.19708e-47
4.18351e+02 2.19745e-47
4.19315e+02 2.19783e-47
4.20282e+02 2.19823e-47
4.21252e+02 2.19864e-47
4.22223e+02 2.19907e-47
4.23197e+02 2.19952e-47
4.24173e+02 2.19999e-47
4.25151e+02 2.20049e-47
4.26131e+02 2.20103e-47
4.27114e+02 2.20161e-47
4.28099e+02 2.20225e-47
4.29086e+02 2.20298e-47
4.30075e+02 2.20383e-47
4.31067e+02 2.20489e-47
4.32061e+02 2.20628e-47
4.33057e+02 2.20830e-47
4.34056e+02 2.21161e-47
4.35057e+02 2.21823e-47
4.36060e+02 2.23622e-47
4.37066e+02 2.33173e-47
4.38074e+02 1.11798e-44
4.39084e+02 2.32466e-47
4.40096e+02 2.23612e-47
4.41111e+02 2.22007e-47
4.42129e+02 2.21481e-47
4.43148e+02 2.21268e-47
4.44170e+02 2.21179e-47
4.45194e+02 2.21148e-47
4.46221e+02 2.21149e-47
4.47250e+02 2.21168e-47
4.48281e+02 2.21199e-47
4.49315e+02 2.21238e-47
4.50351e+02 2.21283e-47
4.51390e+02 2.21332e-47
4.52430e+02 2.21385e-47
4.53474e+02 2.21440e-47
4.54519e+02 2.21497e-47
4.55568e+02 2.21556e-47
4.56618e+02 2.21617e-47
4.57671e+02 2.21680e-47
4.58727e+02 2.21744e-47
4.59784e+02 2.21809e-47
4.60845e+02 2.21875e-47
4.61907e+02 2.21943e-47
4.62972e+02 2.22012e-47
4.64040e+02 2.22082e-47
4.65110e+02 2.22153e-47
4.66183e+02 2.22225e-47
4.67258e+02 2.22297e-47
4.68335e+02 2.22371e-47
4.69415e+02 2.22446e-47
4.70498e+02 2.22522e-47
4.71583e+02 2.22599e-47
4.72670e+02 2.22677e-47
4.73760e+02 2.22756e-47
4.74853e+02 2.22836e-47
4.75948e+02 2.22917e-47
4.77045e+02 2.22999e-47
4.78145e+02 2.23082e-47
4.79248e+02 2.23165e-47
4.80353e+02 2.23250e-47
4.81461e+02 2.23336e-47
4.82571e+02 2.23422e-47
4.83684e+02 2.23510e-47
4.84799e+02 2.23598e-47
4.85917e+02 2.23688e-47
4.87038e+02 2.23779e-47
4.88161e+02 2.23870e-47
4.89286e+02 2.23962e-47
4.90415e+02 2.24056e-47
4.91546e+02 2.24150e-47
4.92679e+02 2.24246e-47
4.93815e+02 2.24342e-47
4.94954e+02 2.24440e-47
4.96095e+02 2.24538e-47
4.97239e+02 2.24637e-47
4.98386e+02 2.24738e-47
4.99535e+02 2.24839e-47
5.00687e+02 2.24941e-47
5.01842e+02 2.25045e-47
5.02999e+02 2.25149e-47
5.04159e+02 2.25254e-47
5.05322e+02 2.25361e-47
5.06487e+02 2.25468e-47
5.07655e+02 2.25577e-47
5.08825e+02 2.25686e-47
5.09999e+02 2.25797e-47
5.11175e+02 2.25908e-47
5.12354e+02 2.26021e-47
5.13535e+02 2.26134e-47
5.14719e+02 2.26249e-47
5.15906e+02 2.26365e-47
5.17096e+02 2.26481e-47
5.18288e+02 2.26599e-47
5.19484e+02 2.26718e-47
5.20682e+02 2.26838e-47
5.21882e+02 2.26959e-47
5.23086e+02 2.27081e-47
5.24292e+02 2.27204e-47
5.25501e+02 2.27328e-47
5.26713e+02 2.27453e-47
5.27927e+02 2.27579e-47
5.29145e+02 2.27707e-47
5.30365e+02 2.27835e-47
5.31588e+02 2.27965e-47
5.32814e+02 2.28096e-47
5.34043e+02 2.28227e-47
5.35274e+02 2.28360e-47
5.36508e+02 2.28494e-47
5.37746e+02 2.28629e-47
5.38986e+02 2.28766e-47
5.40229e+02 2.28903e-47
5.41474e+02 2.29041e-47
5.42723e+02 2.29181e-47
5.43974e+02 2.29322e-47
5.45229e+02 2.29464e-47
5.46486e+02 2.29607e-47
5.47746e+02 2.29751e-47
5.49010e+02 2.29896e-47
5.50276e+02 2.30043e-47
5.51544e+02 2.30190e-47
5.52816e+02 2.30339e-47
5.54091e+02 2.30489e-47
5.55369e+02 2.30640e-47
5.56650e+02 2.30792e-47
5.57933e+02 2.30946e-47
5.59220e+02 2.31101e-47
5.60509e+02 2.31256e-47
5.61802e+02 2.31413e-47
5.63097e+02 2.31572e-47
5.64396e+02 2.31731e-47
5.65697e+02 2.31892e-47
5.67002e+02 2.32054e-47
5.68309e+02 2.32217e-47
5.69620e+02 2.32381e-47
5.70933e+02 2.32546e-47
5.72250e+02 2.32713e-47
5.73570e+02 2.32881e-47
5.74892e+02 2.33050e-47
5.76218e+02 2.33221e-47
5.77547e+02 2.33393e-47
5.78879e+02 2.33565e-47
5.80214e+02 2.33740e-47
5.81552e+02 2.33915e-47
5.82893e+02 2.34092e-47
5.84237e+02 2.34270e-47
5.85584e+02 2.34449e-47
5.86934e+02 2.34630e-47
5.88288e+02 2.34812e-47
5.89644e+02 2.34995e-47
5.91004e+02 2.35179e-47
5.92367e+02 2.35365e-47
5.93733e+02 2.35552e-47
5.95102e+02 2.35740e-47
5.96474e+02 2.35930e-47
5.97850e+02 2.36121e-47
5.99229e+02 2.36313e-47
6.00610e+02 2.36507e-47
6.01995e+02 2.36702e-47
6.03384e+02 2.36899e-47
6.04775e+02 2.37096e-47
6.06170e+02 2.37295e-47
6.07567e+02 2.37496e-47
6.08969e+02 2.37697e-47
6.10373e+02 2.37901e-47
6.11780e+02 2.38105e-47
6.13191e+02 2.38311e-47
6.14605e+02 2.38518e-47
6.16022e+02 2.38727e-47
6.17443e+02 2.38937e-47
6.18867e+02 2.39148e-47
6.20294e+02 2.39361e-47
6.21724e+02 2.39576e-47
6.23158e+02 2.39791e-47
6.24595e+02 2.40008e-47
6.26035e+02 2.40227e-47
6.27479e+02 2.40447e-47
6.28926e+02 2.40668e-47
6.30376e+02 2.40891e-47
6.31830e+02 2.41116e-47
6.33287e+02 2.41341e-47
6.34747e+02 2.41569e-47
6.36211e+02 2.41797e-47
6.37678e+02 2.42027e-47
6.39149e+02 2.42259e-47
6.40623e+02 2.42492e-47
6.42100e+02 2.42727e-47
6.43580e+02 2.42963e-47
6.45065e+02 2.43201e-47
6.46552e+02 2.43440e-47
6.48043e+02 2.43681e-47
6.49537e+02 2.43923e-47
6.51035e+02 2.44167e-47
6.52537e+02 2.44412e-47
6.54041e+02 2.44659e-47
6.55550e+02 2.44907e-47
6.57061e+02 2.45157e-47
6.58576e+02 2.45408e-47
6.60095e+02 2.45662e-47
6.61617e+02 2.45916e-47
6.63143e+02 2.46172e-47
6.64672e+02 2.46430e-47
6.66205e+02 2.46690e-47
6.67741e+02 2.46950e-47
6.69281e+02 2.47213e-47
6.70824e+02 2.47477e-47
6.72371e+02 2.47743e-47
6.73922e+02 2.48011e-47
6.75476e+02 2.48280e-47
6.77034e+02 2.48550e-47
6.78595e+02 2.48823e-47
6.80160e+02 2.49097e-47
6.81728e+02 2.49372e-47
6.83300e+02 2.49650e-47
6.84876e+02 2.49929e-47
6.86455e+02 2.50209e-47
6.88038e+02 2.50492e-47
6.89625e+02 2.50776e-47
6.91215e+02 2.51062e-47
6.92809e+02 2.51349e-47
6.94407e+02 2.51638e-47
6.96008e+02 2.51929e-47
6.97613e+02 2.52222e-47
6.99222e+02 2.52516e-47
7.00834e+02 2.52812e-47
7.02450e+02 2.53110e-47
7.04070e+02 2.53410e-47
7.05694e+02 2.53711e-47
7.07321e+02 2.54014e-47
7.08952e+02 2.54319e-47
7.10587e+02 2.54626e-47
7.12226e+02 2.54935e-47
7.13868e+02 2.55245e-47
7.15514e+02 2.55557e-47
7.17164e+02 2.55871e-47
7.18818e+02 2.56187e-47
7.20475e+02 2.56504e-47
7.22137e+02 2.56824e-47
7.23802e+02 2.57145e-47
7.25471e+02 2.57468e-47
7.27144e+02 2.57793e-47
7.28821e+02 2.58120e-47
7.30502e+02 2.58449e-47
7.32186e+02 2.58780e-47
7.33875e+02 2.59112e-47
7.35567e+02 2.59447e-47
7.37263e+02 2.59783e-47
7.38963e+02 2.60121e-47
7.40667e+02 2.60461e-47
7.42375e+02 2.60803e-47
7.44087e+02 2.61148e-47
7.45803e+02 2.61494e-47
7.47523e+02 2.61842e-47
7.49247e+02 2.62192e-47
7.50975e+02 2.62543e-47
7.52706e+02 2.62897e-47
7.54442e+02 2.63253e-47
7.56182e+02 2.63611e-47
7.57926e+02 2.63971e-47
7.59673e+02 2.64333e-47
7.61425e+02 2.64697e-47
7.63181e+02 2.65063e-47
7.64941e+02 2.65431e-47
7.66705e+02 2.65801e-47
7.68473e+02 2.66173e-47
7.70245e+02 2.66548e-47
7.72021e+02 2.66924e-47
7.73801e+02 2.67302e-47
7.75586e+02 2.67683e-47
7.77374e+02 2.68065e-47
7.79167e+02 2.68450e-47
7.80964e+02 2.68837e-47
7.82765e+02 2.69226e-47
7.84570e+02 2.69617e-47
7.86379e+02 2.70010e-47
7.88192e+02 2.70406e-47
7.90010e+02 2.70803e-47
7.91832e+02 2.71203e-47
7.93658e+02 2.71605e-47
7.95488e+02 2.72009e-47
7.97322e+02 2.72416e-47
7.99161e+02 2.72824e-47
8.01004e+02 2.73235e-47
8.02851e+02 2.73648e-47
8.04702e+02 2.74064e-47
8.06558e+02 2.74481e-47
8.08418e+02 2.74901e-47
8.10282e+02 2.75323e-47
8.12151e+02 2.75748e-47
8.14023e+02 2.76174e-47
8.15901e+02 2.76604e-47
8.17782e+02 2.77035e-47
8.19668e+02 2.77469e-47
8.21558e+02 2.77905e-47
8.23452e+02 2.78343e-47
8.25351e+02 2.78784e-47
8.27255e+02 2.79228e-47
8.29162e+02 2.79673e-47
8.31074e+02 2.80122e-47
8.32991e+02 2.80573e-47
8.34912e+02 2.81026e-47
8.36837e+02 2.81482e-47
8.38767e+02 2.81941e-47
8.40701e+02 2.82402e-47
8.42640e+02 2.82867e-47
8.44583e+02 2.83335e-47
8.46530e+02 2.83808e-47
8.48482e+02 2.84286e-47
8.50439e+02 2.84774e-47
8.52400e+02 2.85281e-47
8.54366e+02 2.85842e-47
8.56336e+02 2.86684e-47
8.58311e+02 3.00787e-47
8.60290e+02 2.88458e-47
8.62274e+02 2.87859e-47
8.64262e+02 2.88202e-47
8.66255e+02 2.88648e-47
8.68253e+02 2.89123e-47
8.70255e+02 2.89610e-47
8.72262e+02 2.90104e-47
8.74273e+02 2.90603e-47
8.76289e+02 2.91106e-47
8.78310e+02 2.91612e-47
8.80336e+02 2.92121e-47
8.82366e+02 2.92634e-47
8.84400e+02 2.93149e-47
8.86440e+02 2.93667e-47
8.88484e+02 2.94188e-47
8.90533e+02 2.94712e-47
8.92586e+02 2.95239e-47
8.94645e+02 2.95768e-47
8.96708e+02 2.96301e-47
8.98775e+02 2.96836e-47
9.00848e+02 2.97374e-47
9.02925e+02 2.97914e-47
9.05008e+02 2.98458e-47
9.07095e+02 2.99004e-47
9.09186e+02 2.99553e-47
9.11283e+02 3.00105e-47
9.13384e+02 3.00660e-47
9.15491e+02 3.01218e-47
9.17602e+02 3.01778e-47
9.19718e+02 3.02342e-47
9.21839e+02 3.02908e-47
9.23964e+02 3.03478e-47
9.26095e+02 3.04050e-47
9.28231e+02 3.04625e-47
9.30371e+02 3.05203e-47
9.32517e+02 3.05784e-47
9.34667e+02 3.06368e-47
9.36822e+02 3.06955e-47
9.38983e+02 3.07546e-47
9.41148e+02 3.08139e-47
9.43318e+02 3.08735e-47
9.45494e+02 3.09334e-47
9.47674e+02 3.09936e-47
9.49859e+02 3.10542e-47
9.52050e+02 3.11150e-47
9.54245e+02 3.11761e-47
9.56445e+02 3.12376e-47
9.58651e+02 3.12994e-47
9.60862e+02 3.13615e-47
9.63077e+02 3.14239e-47
9.65298e+02 3.14866e-47
9.67524e+02 3.15496e-47
9.69755e+02 3.16130e-47
9.71992e+02 3.16767e-47
9.74233e+02 3.17407e-47
9.76480e+02 3.18050e-47
9.78731e+02 3.18697e-47
9.80988e+02 3.19346e-47
9.83251e+02 3.19999e-47
9.85518e+02 3.20656e-47
9.87791e+02 3.21315e-47
9.90068e+02 3.21978e-47
9.92352e+02 3.22645e-47
9.94640e+02 3.23314e-47
9.96934e+02 3.23987e-47
9.99233e+02 3.24664e-47
1.00154e+03 3.25344e-47
1.00385e+03 3.26027e-47
1.00616e+03 3.26714e-47
1.00848e+03 3.27404e-47
1.01081e+03 3.28097e-47
1.01314e+03 3.28794e-47
1.01547e+03 3.29495e-47
1.01782e+03 3.30199e-47
1.02016e+03 3.30907e-47
1.02252e+03 3.31618e-47
1.02487e+03 3.32333e-47
1.02724e+03 3.33051e-47
1.02961e+03 3.33773e-47
1.03198e+03 3.34498e-47
1.03436e+03 3.35227e-47
1.03674e+03 3.35960e-47
1.03914e+03 3.36696e-47
1.04153e+03 3.37436e-47
1.04393e+03 3.38180e-47
1.04634e+03 3.38927e-47
1.04875e+03 3.39679e-47
1.05117e+03 3.40433e-47
1.05360e+03 3.41192e-47
1.05603e+03 3.41954e-47
1.05846e+03 3.42721e-47
1.06090e+03 3.43491e-47
1.06335e+03 3.44264e-47
1.06580e+03 3.45042e-47
1.06826e+03 3.45823e-47
1.07072e+03 3.46609e-47
1.07319e+03 3.47398e-47
1.07567e+03 3.48191e-47
1.07815e+03 3.48988e-47
1.08063e+03 3.49789e-47
1.08312e+03 3.50594e-47
1.08562e+03 3.51403e-47
1.08813e+03 3.52216e-47
1.09063e+03 3.53033e-47
1.09315e+03 3.53854e-47
1.09567e+03 3.54679e-47
1.09820e+03 3.55508e-47
1.10073e+03 3.56341e-47
1.10327e+03 3.57178e-47
1.10581e+03 3.58020e-47
1.10836e+03 3.58865e-47
1.11092e+03 3.59715e-47
1.11348e+03 3.60569e-47
1.11605e+03 3.61427e-47
1.11862e+03 3.62289e-47
1.12120e+03 3.63155e-47
1.12379e+03 3.64026e-47
1.12638e+03 3.64901e-47
1.12897e+03 3.65780e-47
1.13158e+03 3.66664e-47
1.13419e+03 3.67552e-47
1.13680e+03 3.68444e-47
1.13942e+03 3.69341e-47
1.14205e+03 3.70242e-47
1.14469e+03 3.71147e-47
1.14733e+03 3.72057e-47
1.14997e+03 3.72971e-47
1.15262e+03 3.73890e-47
1.15528e+03 3.74813e-47
1.15794e+03 3.75741e-47
1.16062e+03 3.76674e-47
1.16329e+03 3.77610e-47
1.16597e+03 3.78552e-47
1.16866e+03 3.79498e-47
1.17136e+03 3.80449e-47
1.17406e+03 3.81404e-47
1.17677e+03 3.82364e-47
1.17948e+03 3.83328e-47
1.18220e+03 3.84298e-47
1.18493e+03 3.85272e-47
1.18766e+03 3.86250e-47
1.19040e+03 3.87234e-47
1.19314e+03 3.88222e-47
1.19589e+03 3.89216e-47
1.19865e+03 3.90214e-47
1.20142e+03 3.91216e-47
1.20419e+03 3.92224e-47
1.20696e+03 3.93237e-47
1.20975e+03 3.94255e-47
1.21254e+03 3.95278e-47
1.21533e+03 3.96306e-47
1.21813e+03 3.97339e-47
1.22094e+03 3.98377e-47
1.22376e+03 3.99422e-47
1.22658e+03 4.00472e-47
1.22941e+03 4.01531e-47
1.23224e+03 4.02601e-47
1.23509e+03 4.03700e-47
1.23793e+03 4.04949e-47
1.24079e+03 4.65585e-47
1.24365e+03 4.07168e-47
1.24652e+03 4.08007e-47
1.24939e+03 4.09054e-47
1.25227e+03 4.10134e-47
1.25516e+03 4.11227e-47
1.25806e+03 4.12328e-47
1.26096e+03 4.13435e-47
1.26386e+03 4.14549e-47
1.26678e+03 4.15668e-47
1.26970e+03 4.16794e-47
1.27263e+03 4.17924e-47
1.27556e+03 4.19061e-47
1.27850e+03 4.20202e-47
1.28145e+03 4.21350e-47
1.28441e+03 4.22503e-47
1.28737e+03 4.23661e-47
1.29034e+03 4.24825e-47
1.29331e+03 4.25995e-47
1.29630e+03 4.27171e-47
1.29929e+03 4.28352e-47
1.30228e+03 4.29538e-47
1.30528e+03 4.30731e-47
1.30829e+03 4.31929e-47
1.31131e+03 4.33133e-47
1.31434e+03 4.34343e-47
1.31737e+03 4.35558e-47
1.32040e+03 4.36780e-47
1.32345e+03 4.38007e-47
1.32650e+03 4.39240e-47
1.32956e+03 4.40479e-47
1.33263e+03 4.41724e-47
1.33570e+03 4.42975e-47
1.33878e+03 4.44232e-47
1.34187e+03 4.45495e-47
1.34496e+03 4.46764e-47
1.34806e+03 4.48039e-47
1.35117e+03 4.49320e-47
1.35429e+03 4.50607e-47
1.35741e+03 4.51901e-47
1.36054e+03 4.53200e-47
1.36368e+03 4.54506e-47
1.36682e+03 4.55818e-47
1.36997e+03 4.57137e-47
1.37313e+03 4.58461e-47
1.37630e+03 4.59792e-47
1.37947e+03 4.61130e-47
1.38265e+03 4.62473e-47
1.38584e+03 4.63823e-47
1.38904e+03 4.65180e-47
1.39224e+03 4.66543e-47
1.39545e+03 4.67913e-47
1.39867e+03 4.69289e-47
1.40190e+03 4.70671e-47
1.40513e+03 4.72061e-47
1.40837e+03 4.73457e-47
1.41162e+03 4.74859e-47
1.41487e+03 4.76268e-47
1.41813e+03 4.77684e-47
1.42140e+03 4.79107e-47
1.42468e+03 4.80536e-47
1.42797e+03 4.81973e-47
1.43126e+03 4.83416e-47
1.43456e+03 4.84866e-47
1.43787e+03 4.86323e-47
1.44118e+03 4.87786e-47
1.44451e+03 4.89257e-47
1.44784e+03 4.90735e-47
1.45118e+03 4.92220e-47
1.45452e+03 4.93712e-47
1.45788e+03 4.95210e-47
1.46124e+03 4.96717e-47
1.46461e+03 4.98230e-47
1.46799e+03 4.99750e-47
1.47137e+03 5.01278e-47
1.47477e+03 5.02813e-47
1.47817e+03 5.04355e-47
1.48157e+03 5.05904e-47
1.48499e+03 5.07461e-47
1.48842e+03 5.09025e-47
1.49185e+03 5.10597e-47
1.49529e+03 5.12176e-47
1.49874e+03 5.13763e-47
1.50219e+03 5.15357e-47
1.50566e+03 5.16958e-47
1.50913e+03 5.18568e-47
1.51261e+03 5.20185e-47
1.51610e+03 5.21809e-47
1.51959e+03 5.23442e-47
1.52310e+03 5.25082e-47
1.52661e+03 5.26729e-47
1.53013e+03 5.28385e-47
1.53366e+03 5.30049e-47
1.53719e+03 5.31720e-47
1.54074e+03 5.33400e-47
1.54429e+03 5.35087e-47
1.54785e+03 5.36783e-47
1.55142e+03 5.38486e-47
1.55500e+03 5.40199e-47
1.55859e+03 5.41920e-47
1.56218e+03 5.43651e-47
1.56578e+03 5.45394e-47
1.56939e+03 5.47162e-47
1.57301e+03 5.49067e-47
1.57664e+03 5.57389e-47
1.58028e+03 5.52508e-47
1.58392e+03 5.54208e-47
1.58757e+03 5.55977e-47
1.59123e+03 5.57765e-47
1.59490e+03 5.59564e-47
1.59858e+03 5.61374e-47
1.60227e+03 5.63192e-47
1.60596e+03 5.65019e-47
1.60967e+03 5.66855e-47
1.61338e+03 5.68700e-47
1.61710e+03 5.70554e-47
1.62083e+03 5.72416e-47
1.62456e+03 5.74288e-47
1.62831e+03 5.76168e-47
1.63207e+03 5.78057e-47
1.63583e+03 5.79955e-47
1.63960e+03 5.81862e-47
1.64338e+03 5.83778e-47
1.64717e+03 5.85703e-47
1.65097e+03 5.87637e-47
1.65478e+03 5.89580e-47
1.65859e+03 5.91532e-47
1.66242e+03 5.93494e-47
1.66625e+03 5.95464e-47
1.67009e+03 5.97444e-47
1.67395e+03 5.99434e-47
1.67781e+03 6.01433e-47
1.68167e+03 6.03441e-47
1.68555e+03 6.05458e-47
1.68944e+03 6.07485e-47
1.69334e+03 6.09522e-47
1.69724e+03 6.11568e-47
1.70115e+03 6.13624e-47
1.70508e+03 6.15690e-47
1.70901e+03 6.17765e-47
1.71295e+03 6.19850e-47
1.71690e+03 6.21945e-47
1.72086e+03 6.24049e-47
1.72483e+03 6.26164e-47
1.72880e+03 6.28288e-47
1.73279e+03 6.30423e-47
1.73679e+03 6.32567e-47
1.74079e+03 6.34722e-47
1.74481e+03 6.36887e-47
1.74883e+03 6.39062e-47
1.75286e+03 6.41247e-47
1.75690e+03 6.43442e-47
1.76096e+03 6.45648e-47
1.76502e+03 6.47864e-47
1.76909e+03 6.50090e-47
1.77317e+03 6.52327e-47
1.77726e+03 6.54575e-47
1.78135e+03 6.56833e-47
1.78546e+03 6.59101e-47
1.78958e+03 6.61381e-47
1.79371e+03 6.63671e-47
1.79784e+03 6.65971e-47
1.80199e+03 6.68283e-47
1.80614e+03 6.70605e-47
1.81031e+03 6.72938e-47
1.81448e+03 6.75282e-47
1.81867e+03 6.77638e-47
1.82286e+03 6.80004e-47
1.82706e+03 6.82381e-47
1.83128e+03 6.84769e-47
1.83550e+03 6.87169e-47
1.83973e+03 6.89580e-47
1.84398e+03 6.92002e-47
1.84823e+03 6.94436e-47
1.85249e+03 6.96881e-47
1.85676e+03 6.99337e-47
1.86104e+03 7.01805e-47
1.86534e+03 7.04285e-47
1.86964e+03 7.06777e-47
1.87395e+03 7.09280e-47
1.87827e+03 7.11795e-47
1.88260e+03 7.14323e-47
1.88694e+03 7.16864e-47
1.89129e+03 7.19426e-47
1.89565e+03 7.22098e-47
1.90003e+03 7.24931e-47
1.90441e+03 7.27157e-47
1.90880e+03 7.29736e-47
1.91320e+03 7.32342e-47
1.91761e+03 7.34962e-47
1.92203e+03 7.37596e-47
1.92647e+03 7.40243e-47
1.93091e+03 7.42902e-47
1.93536e+03 7.45573e-47
1.93983e+03 7.48258e-47
1.94430e+03 7.50955e-47
1.94878e+03 7.53664e-47
1.95328e+03 7.56386e-47
1.95778e+03 7.59121e-47
1.96229e+03 7.61869e-47
1.96682e+03 7.64629e-47
1.97136e+03 7.67403e-47
1.97590e+03 7.70189e-47
1.98046e+03 7.72989e-47
1.98502e+03 7.75802e-47
1.98960e+03 7.78627e-47
1.99419e+03 7.81466e-47
1.99879e+03 7.84319e-47
2.00340e+03 7.87184e-47
2.00802e+03 7.90063e-47
2.01265e+03 7.92956e-47
2.01729e+03 7.95861e-47
2.02194e+03 7.98781e-47
2.02660e+03 8.01714e-47
2.03128e+03 8.04661e-47
2.03596e+03 8.07622e-47
2.04066e+03 8.10596e-47
2.04536e+03 8.13584e-47
2.05008e+03 8.16587e-47
2.05481e+03 8.19603e-47
2.05954e+03 8.22633e-47
2.06429e+03 8.25678e-47
2.06905e+03 8.28737e-47
2.07383e+03 8.31810e-47
2.07861e+03 8.34897e-47
2.08340e+03 8.37999e-47
2.08821e+03 8.41115e-47
2.09302e+03 8.44246e-47
2.09785e+03 8.47392e-47
2.10269e+03 8.50552e-47
2.10753e+03 8.53727e-47
2.11239e+03 8.56917e-47
2.11727e+03 8.60121e-47
2.12215e+03 8.63341e-47
2.12704e+03 8.66575e-47
2.13195e+03 8.69825e-47
2.13686e+03 8.73090e-47
2.14179e+03 8.76370e-47
2.14673e+03 8.79665e-47
2.15168e+03 8.82976e-47
2.15664e+03 8.86302e-47
2.16161e+03 8.89644e-47
2.16660e+03 8.93001e-47
2.17160e+03 8.96374e-47
2.17660e+03 8.99762e-47
2.18162e+03 9.03167e-47
2.18665e+03 9.06587e-47
2.19170e+03 9.10023e-47
2.19675e+03 9.13476e-47
2.20182e+03 9.16944e-47
2.20689e+03 9.20429e-47
2.21198e+03 9.23929e-47
2.21708e+03 9.27447e-47
2.22220e+03 9.30980e-47
2.22732e+03 9.34530e-47
2.23246e+03 9.38097e-47
2.23760e+03 9.41680e-47
2.24276e+03 9.45281e-47
2.24794e+03 9.48900e-47
2.25312e+03 9.52548e-47
2.25832e+03 9.56562e-47
2.26352e+03 9.59856e-47
2.26874e+03 9.63534e-47
2.27397e+03 9.67234e-47
2.27922e+03 9.70953e-47
2.28447e+03 9.74688e-47
2.28974e+03 9.78442e-47
2.29502e+03 9.82213e-47
2.30031e+03 9.86001e-47
2.30562e+03 9.89808e-47
2.31094e+03 9.93632e-47
2.31627e+03 9.97473e-47
2.32161e+03 1.00133e-46
2.32696e+03 1.00521e-46
2.33233e+03 1.00911e-46
2.33770e+03 1.01302e-46
2.34310e+03 1.01695e-46
2.34850e+03 1.02090e-46
2.35391e+03 1.02487e-46
2.35934e+03 1.02886e-46
2.36478e+03 1.03286e-46
2.37024e+03 1.03689e-46
2.37570e+03 1.04093e-46
2.38118e+03 1.04499e-46
2.38667e+03 1.04907e-46
2.39217e+03 1.05317e-46
2.39769e+03 1.05729e-46
2.40322e+03 1.06143e-46
2.40876e+03 1.06559e-46
2.41432e+03 1.06977e-46
2.41988e+03 1.07396e-46
2.42546e+03 1.07818e-46
2.43106e+03 1.08241e-46
2.43666e+03 1.08667e-46
2.44228e+03 1.09094e-46
2.44791e+03 1.09524e-46
2.45356e+03 1.09955e-46
2.45922e+03 1.10389e-46
2.46489e+03 1.10824e-46
2.47057e+03 1.11262e-46
2.47627e+03 1.11701e-46
2.48198e+03 1.12143e-46
2.48770e+03 1.12586e-46
2.49344e+03 1.13032e-46
2.49919e+03 1.13480e-46
2.50495e+03 1.13930e-46
2.51073e+03 1.14382e-46
2.51652e+03 1.14836e-46
2.52232e+03 1.15292e-46
2.52814e+03 1.15750e-46
2.53397e+03 1.16210e-46
2.53981e+03 1.16673e-46
2.54567e+03 1.17138e-46
2.55154e+03 1.17605e-46
2.55742e+03 1.18074e-46
2.56332e+03 1.18545e-46
2.56923e+03 1.19018e-46
2.57516e+03 1.19494e-46
2.58109e+03 1.19972e-46
2.58705e+03 1.20452e-46
2.59301e+03 1.20934e-46
2.59899e+03 1.21418e-46
2.60499e+03 1.21905e-46
2.61099e+03 1.22394e-46
2.61701e+03 1.22885e-46
2.62305e+03 1.23379e-46
2.62910e+03 1.23875e-46
2.63516e+03 1.24373e-46
2.64124e+03 1.24873e-46
2.64733e+03 1.25376e-46
2.65343e+03 1.25881e-46
2.65955e+03 1.26390e-46
2.66568e+03 1.26900e-46
2.67183e+03 1.27411e-46
2.67799e+03 1.27925e-46
2.68417e+03 1.28442e-46
2.69036e+03 1.28962e-46
2.69656e+03 1.29484e-46
2.70278e+03 1.30008e-46
2.70901e+03 1.30534e-46
2.71526e+03 1.31064e-46
2.72152e+03 1.31595e-46
2.72780e+03 1.32129e-46
2.73409e+03 1.32666e-46
2.74039e+03 1.33205e-46
2.74671e+03 1.33746e-46
2.75304e+03 1.34290e-46
2.75939e+03 1.34837e-46
2.76576e+03 1.35386e-46
2.77213e+03 1.35937e-46
2.77853e+03 1.36491e-46
2.78493e+03 1.37048e-46
2.79136e+03 1.37607e-46
2.79779e+03 1.38169e-46
2.80424e+03 1.38734e-46
2.81071e+03 1.39301e-46
2.81719e+03 1.39871e-46
2.82369e+03 1.40443e-46
2.83020e+03 1.41019e-46
2.83673e+03 1.41597e-46
2.84327e+03 1.42177e-46
2.84983e+03 1.42761e-46
2.85640e+03 1.43347e-46
2.86298e+03 1.43935e-46
2.86959e+03 1.44527e-46
2.87620e+03 1.45121e-46
2.88284e+03 1.45718e-46
2.88948e+03 1.46318e-46
2.89615e+03 1.46920e-46
2.90283e+03 1.47525e-46
2.90952e+03 1.48133e-46
2.91623e+03 1.48744e-46
2.92295e+03 1.49358e-46
2.92969e+03 1.49975e-46
2.93645e+03 1.50594e-46
2.94322e+03 1.51216e-46
2.95001e+03 1.51842e-46
2.95681e+03 1.52470e-46
2.96363e+03 1.53101e-46
2.97046e+03 1.53735e-46
2.97731e+03 1.54372e-46
2.98418e+03 1.55012e-46
2.99106e+03 1.55655e-46
2.99796e+03 1.56301e-46
3.00487e+03 1.56951e-46
3.01180e+03 1.57603e-46
3.01875e+03 1.58259e-46
3.02571e+03 1.58917e-46
3.03268e+03 1.59579e-46
3.03968e+03 1.60244e-46
3.04669e+03 1.60911e-46
3.05371e+03 1.61582e-46
3.06076e+03 1.62256e-46
3.06781e+03 1.62933e-46
3.07489e+03 1.63614e-46
3.08198e+03 1.64297e-46
3.08909e+03 1.64984e-46
3.09621e+03 1.65680e-46
3.10335e+03 1.66366e-46
3.11051e+03 1.67062e-46
3.11768e+03 1.67762e-46
3.12487e+03 1.68464e-46
3.13207e+03 1.69170e-46
3.13930e+03 1.69879e-46
3.14654e+03 1.70592e-46
3.15379e+03 1.71307e-46
3.16106e+03 1.72026e-46
3.16835e+03 1.72749e-46
3.17566e+03 1.73475e-46
3.18298e+03 1.74204e-46
3.19032e+03 1.74936e-46
3.19768e+03 1.75672e-46
3.20505e+03 1.76411e-46
3.21244e+03 1.77154e-46
3.21985e+03 1.77900e-46
3.22728e+03 1.78650e-46
3.23472e+03 1.79403e-46
3.24218e+03 1.80159e-46
3.24966e+03 1.80919e-46
3.25715e+03 1.81683e-46
3.26466e+03 1.82450e-46
3.27219e+03 1.83221e-46
3.27973e+03 1.83995e-46
3.28730e+03 1.84773e-46
3.29488e+03 1.85554e-46
3.30248e+03 1.86339e-46
3.31009e+03 1.87128e-46
3.31772e+03 1.87920e-46
3.32537e+03 1.88716e-46
3.33304e+03 1.89516e-46
3.34073e+03 1.90319e-46
3.34843e+03 1.91126e-46
3.35615e+03 1.91937e-46
3.36389e+03 1.92751e-46
3.37165e+03 1.93570e-46
3.37943e+03 1.94392e-46
3.38722e+03 1.95218e-46
3.39503e+03 1.96048e-46
3.40286e+03 1.96881e-46
3.41071e+03 1.97719e-46
3.41857e+03 1.98560e-46
3.42645e+03 1.99405e-46
3.43436e+03 2.00255e-46
3.44228e+03 2.01108e-46
3.45021e+03 2.01965e-46
3.45817e+03 2.02826e-46
3.46614e+03 2.03691e-46
3.47414e+03 2.04560e-46
3.48215e+03 2.05433e-46
3.49018e+03 2.06310e-46
3.49823e+03 2.07191e-46
3.50629e+03 2.08076e-46
3.51438e+03 2.08965e-46
3.52248e+03 2.09859e-46
3.53061e+03 2.10756e-46
3.53875e+03 2.11659e-46
3.54691e+03 2.12564e-46
3.55509e+03 2.13474e-46
3.56329e+03 2.14388e-46
3.57150e+03 2.15307e-46
3.57974e+03 2.16230e-46
3.58799e+03 2.17157e-46
3.59627e+03 2.18088e-46
3.60456e+03 2.19024e-46
3.61287e+03 2.19964e-46
3.62120e+03 2.20908e-46
3.62955e+03 2.21857e-46
3.63792e+03 2.22810e-46
3.64631e+03 2.23767e-46
3.65472e+03 2.24729e-46
3.66315e+03 2.25695e-46
3.67160e+03 2.26666e-46
3.68006e+03 2.27642e-46
3.68855e+03 2.28622e-46
3.69706e+03 2.29606e-46
3.70558e+03 2.30595e-46
3.71413e+03 2.31588e-46
3.72269e+03 2.32587e-46
3.73128e+03 2.33589e-46
3.73988e+03 2.34597e-46
3.74850e+03 2.35610e-46
3.75715e+03 2.36628e-46
3.76581e+03 2.37651e-46
3.77450e+03 2.38678e-46
3.78320e+03 2.39710e-46
3.79192e+03 2.40747e-46
3.80067e+03 2.41788e-46
3.80943e+03 2.42835e-46
3.81822e+03 2.43886e-46
3.82702e+03 2.44942e-46
3.83585e+03 2.46003e-46
3.84469e+03 2.47069e-46
3.85356e+03 2.48140e-46
3.86244e+03 2.49216e-46
3.87135e+03 2.50296e-46
3.88028e+03 2.51382e-46
3.88923e+03 2.52473e-46
3.89820e+03 2.53569e-46
3.90718e+03 2.54670e-46
3.91619e+03 2.55776e-46
3.92523e+03 2.56887e-46
3.93428e+03 2.58003e-46
3.94335e+03 2.59124e-46
3.95244e+03 2.60251e-46
3.96156e+03 2.61382e-46
3.97069e+03 2.62520e-46
3.97985e+03 2.63688e-46
3.98903e+03 2.64809e-46
3.99823e+03 2.65962e-46
4.00745e+03 2.67120e-46
4.01669e+03 2.68284e-46
4.02595e+03 2.69453e-46
4.03523e+03 2.70627e-46
4.04454e+03 2.71807e-46
4.05387e+03 2.72992e-46
4.06321e+03 2.74183e-46
4.07258e+03 2.75379e-46
4.08197e+03 2.76580e-46
4.09139e+03 2.77788e-46
4.10082e+03 2.79001e-46
4.11028e+03 2.80219e-46
4.11976e+03 2.81443e-46
4.12926e+03 2.82673e-46
4.13878e+03 2.83908e-46
4.14832e+03 2.85149e-46
4.15789e+03 2.86396e-46
4.16748e+03 2.87649e-46
4.17709e+03 2.88907e-46
4.18672e+03 2.90172e-46
4.19638e+03 2.91442e-46
4.20605e+03 2.92718e-46
4.21575e+03 2.94000e-46
4.22547e+03 2.95287e-46
4.23522e+03 2.96581e-46
4.24498e+03 2.97881e-46
4.25477e+03 2.99186e-46
4.26458e+03 3.00498e-46
4.27442e+03 3.01816e-46
4.28427e+03 3.03140e-46
4.29415e+03 3.04470e-46
4.30406e+03 3.05806e-46
4.31398e+03 3.07149e-46
4.32393e+03 3.08497e-46
4.33390e+03 3.09852e-46
4.34389e+03 3.11213e-46
4.35391e+03 3.12580e-46
4.36395e+03 3.13954e-46
4.37402e+03 3.15334e-46
4.38410e+03 3.16720e-46
4.39421e+03 3.18113e-46
4.40434e+03 3.19513e-46
4.41450e+03 3.20918e-46
4.42468e+03 3.22330e-46
4.43488e+03 3.23749e-46
4.44511e+03 3.25174e-46
4.45536e+03 3.26606e-46
4.46564e+03 3.28045e-46
4.47593e+03 3.29490e-46
4.48626e+03 3.30942e-46
4.49660e+03 3.32400e-46
4.50697e+03 3.33866e-46
4.51736e+03 3.35338e-46
4.52778e+03 3.36816e-46
4.53822e+03 3.38302e-46
4.54869e+03 3.39795e-46
4.55918e+03 3.41294e-46
4.56969e+03 3.42801e-46
4.58023e+03 3.44314e-46
4.59079e+03 3.45834e-46
4.60138e+03 3.47362e-46
4.61199e+03 3.48896e-46
4.62262e+03 3.50438e-46
4.63328e+03 3.51986e-46
4.64397e+03 3.53542e-46
4.65467e+03 3.55105e-46
4.66541e+03 3.56675e-46
4.67617e+03 3.58253e-46
4.68695e+03 3.59837e-46
4.69776e+03 3.61429e-46
4.70859e+03 3.63029e-46
4.71945e+03 3.64636e-46
4.73033e+03 3.66250e-46
4.74124e+03 3.67872e-46
4.75217e+03 3.69501e-46
4.76313e+03 3.71138e-46
4.77412e+03 3.72782e-46
4.78513e+03 3.74436e-46
4.79616e+03 3.76093e-46
4.80722e+03 3.77760e-46
4.81831e+03 3.79435e-46
4.82942e+03 3.81118e-46
4.84055e+03 3.82808e-46
4.85172e+03 3.84507e-46
4.86290e+03 3.86213e-46
4.87412e+03 3.87927e-46
4.88536e+03 3.89648e-46
4.89662e+03 3.91378e-46
4.90791e+03 3.93116e-46
4.91923e+03 3.94862e-46
4.93058e+03 3.96616e-46
4.94195e+03 3.98378e-46
4.95334e+03 4.00148e-46
4.96476e+03 4.01926e-46
4.97621e+03 4.03713e-46
4.98769e+03 4.05508e-46
4.99919e+03 4.07311e-46
5.01072e+03 4.09122e-46
5.02227e+03 4.10942e-46
5.03385e+03 4.12770e-46
5.04546e+03 4.14607e-46
5.05710e+03 4.16452e-46
5.06876e+03 4.18306e-46
5.08045e+03 4.20168e-46
5.09216e+03 4.22039e-46
5.10391e+03 4.23918e-46
5.11568e+03 4.25807e-46
5.12747e+03 4.27704e-46
5.13930e+03 4.29609e-46
5.15115e+03 4.31524e-46
5.16303e+03 4.33447e-46
5.17493e+03 4.35379e-46
5.18687e+03 4.37320e-46
5.19883e+03 4.39270e-46
5.21081e+03 4.41229e-46
5.22283e+03 4.43198e-46
5.23487e+03 4.45175e-46
5.24695e+03 4.47161e-46
5.25905e+03 4.49157e-46
5.27117e+03 4.51162e-46
5.28333e+03 4.53176e-46
5.29551e+03 4.55199e-46
5.30772e+03 4.57232e-46
5.31996e+03 4.59274e-46
5.33223e+03 4.61325e-46
5.34453e+03 4.63386e-46
5.35685e+03 4.65457e-46
5.36920e+03 4.67537e-46
5.38159e+03 4.69627e-46
5.39400e+03 4.71726e-46
5.40643e+03 4.73835e-46
5.41890e+03 4.75954e-46
5.43140e+03 4.78082e-46
5.44392e+03 4.80221e-46
5.45648e+03 4.82369e-46
5.46906e+03 4.84527e-46
5.48167e+03 4.86696e-46
5.49431e+03 4.88874e-46
5.50698e+03 4.91062e-46
5.51968e+03 4.93260e-46
5.53241e+03 4.95469e-46
5.54517e+03 4.97688e-46
5.55795e+03 4.99916e-46
5.57077e+03 5.02156e-46
5.58362e+03 5.04405e-46
5.59649e+03 5.06665e-46
5.60940e+03 5.08936e-46
5.62233e+03 5.11217e-46
5.63530e+03 5.13508e-46
5.64829e+03 5.15810e-46
5.66132e+03 5.18123e-46
5.67437e+03 5.20446e-46
5.68746e+03 5.22781e-46
5.70057e+03 5.25125e-46
5.71372e+03 5.27481e-46
5.72690e+03 5.29848e-46
5.74010e+03 5.32225e-46
5.75334e+03 5.34614e-46
5.76661e+03 5.37013e-46
5.77990e+03 5.39424e-46
5.79323e+03 5.41846e-46
5.80659e+03 5.44279e-46
5.81998e+03 5.46723e-46
5.83340e+03 5.49179e-46
5.84685e+03 5.51646e-46
5.86034e+03 5.54124e-46
5.87385e+03 5.56613e-46
5.88740e+03 5.59115e-46
5.90097e+03 5.61627e-46
5.91458e+03 5.64152e-46
5.92822e+03 5.66688e-46
5.94189e+03 5.69235e-46
5.95559e+03 5.71795e-46
5.96933e+03 5.74366e-46
5.98309e+03 5.76949e-46
5.99689e+03 5.79545e-46
6.01072e+03 5.82152e-46
6.02458e+03 5.84771e-46
6.03847e+03 5.87402e-46
6.05240e+03 5.90045e-46
6.06635e+03 5.92701e-46
6.08034e+03 5.95369e-46
6.09436e+03 5.98049e-46
6.10842e+03 6.00742e-46
6.12250e+03 6.03447e-46
6.13662e+03 6.06164e-46
6.15077e+03 6.08894e-46
6.16496e+03 6.11637e-46
6.17917e+03 6.14392e-46
6.19342e+03 6.17161e-46
6.20770e+03 6.19941e-46
6.22202e+03 6.22735e-46
6.23637e+03 6.25542e-46
6.25075e+03 6.28361e-46
6.26516e+03 6.31247e-46
6.27961e+03 6.34040e-46
6.29409e+03 6.36898e-46
6.30860e+03 6.39771e-46
6.32315e+03 6.42656e-46
6.33773e+03 6.45554e-46
6.35235e+03 6.48466e-46
6.36700e+03 6.51392e-46
6.38168e+03 6.54331e-46
6.39640e+03 6.57283e-46
6.41115e+03 6.60250e-46
6.42593e+03 6.63230e-46
6.44075e+03 6.66223e-46
6.45560e+03 6.69231e-46
6.47049e+03 6.72252e-46
6.48541e+03 6.75287e-46
6.50036e+03 6.78337e-46
6.51535e+03 6.81400e-46
6.53038e+03 6.84478e-46
6.54544e+03 6.87570e-46
6.56053e+03 6.90676e-46
6.57566e+03 6.93796e-46
6.59082e+03 6.96931e-46
6.60602e+03 7.00080e-46
6.62126e+03 7.03244e-46
6.63652e+03 7.06423e-46
6.65183e+03 7.09616e-46
6.66717e+03 7.12824e-46
6.68254e+03 7.16046e-46
6.69795e+03 7.19284e-46
6.71340e+03 7.22537e-46
6.72888e+03 7.25804e-46
6.74439e+03 7.29087e-46
6.75995e+03 7.32385e-46
6.77554e+03 7.35698e-46
6.79116e+03 7.39026e-46
6.80682e+03 7.42370e-46
6.82252e+03 7.45729e-46
6.83825e+03 7.49104e-46
6.85402e+03 7.52494e-46
6.86982e+03 7.55900e-46
6.88567e+03 7.59322e-46
6.90154e+03 7.62759e-46
6.91746e+03 7.66212e-46
6.93341e+03 7.69682e-46
6.94940e+03 7.73167e-46
6.96543e+03 7.76669e-46
6.98149e+03 7.80186e-46
6.99759e+03 7.83720e-46
7.01372e+03 7.87270e-46
7.02990e+03 7.90837e-46
7.04611e+03 7.94420e-46
7.06236e+03 7.98019e-46
7.07864e+03 8.01635e-46
7.09497e+03 8.05268e-46
7.11133e+03 8.08918e-46
7.12773e+03 8.12585e-46
7.14416e+03 8.16268e-46
7.16064e+03 8.19969e-46
7.17715e+03 8.23686e-46
7.19370e+03 8.27421e-46
7.21029e+03 8.31173e-46
7.22692e+03 8.34942e-46
7.24358e+03 8.38729e-46
7.26028e+03 8.42533e-46
7.27703e+03 8.46355e-46
7.29381e+03 8.50194e-46
7.31063e+03 8.54052e-46
7.32749e+03 8.57927e-46
7.34438e+03 8.61819e-46
7.36132e+03 8.65730e-46
7.37829e+03 8.69659e-46
7.39531e+03 8.73606e-46
7.41236e+03 8.77572e-46
7.42946e+03 8.81555e-46
7.44659e+03 8.85557e-46
7.46376e+03 8.89578e-46
7.48097e+03 8.93617e-46
7.49822e+03 8.97675e-46
7.51551e+03 9.01751e-46
7.53284e+03 9.05846e-46
7.55022e+03 9.09960e-46
7.56763e+03 9.14094e-46
7.58508e+03 9.18246e-46
7.60257e+03 9.22417e-46
7.62010e+03 9.26608e-46
7.63767e+03 9.30818e-46
7.65528e+03 9.35048e-46
7.67294e+03 9.39297e-46
7.69063e+03 9.43565e-46
7.70837e+03 9.47854e-46
7.72614e+03 9.52162e-46
7.74396e+03 9.56490e-46
7.76182e+03 9.60838e-46
7.77971e+03 9.65206e-46
7.79765e+03 9.69595e-46
7.81564e+03 9.74003e-46
7.83366e+03 9.78432e-46
7.85172e+03 9.82882e-46
7.86983e+03 9.87352e-46
7.88798e+03 9.91842e-46
7.90617e+03 9.96354e-46
7.92440e+03 1.00089e-45
7.94267e+03 1.00544e-45
7.96099e+03 1.01001e-45
7.97935e+03 1.01461e-45
7.99775e+03 1.01922e-45
8.01619e+03 1.02386e-45
8.03468e+03 1.02852e-45
8.05320e+03 1.03322e-45
8.07177e+03 1.03790e-45
8.09039e+03 1.04263e-45
8.10904e+03 1.04737e-45
8.12774e+03 1.05214e-45
8.14649e+03 1.05693e-45
8.16527e+03 1.06174e-45
8.18410e+03 1.06658e-45
8.20297e+03 1.07144e-45
8.22189e+03 1.07631e-45
8.24085e+03 1.08122e-45
8.25985e+03 1.08614e-45
8.27890e+03 1.09109e-45
8.29799e+03 1.09606e-45
8.31713e+03 1.10105e-45
8.33631e+03 1.10606e-45
8.35553e+03 1.11110e-45
8.37480e+03 1.11617e-45
8.39411e+03 1.12125e-45
8.41347e+03 1.12636e-45
8.43287e+03 1.13149e-45
8.45231e+03 1.13665e-45
8.47181e+03 1.14183e-45
8.49134e+03 1.14703e-45
8.51092e+03 1.15226e-45
8.53055e+03 1.15751e-45
8.55022e+03 1.16279e-45
8.56994e+03 1.16809e-45
8.58970e+03 1.17342e-45
8.60951e+03 1.17877e-45
8.62936e+03 1.18414e-45
8.64926e+03 1.18954e-45
8.66921e+03 1.19496e-45
8.68920e+03 1.20041e-45
8.70923e+03 1.20589e-45
8.72932e+03 1.21139e-45
8.74945e+03 1.21691e-45
8.76962e+03 1.22246e-45
8.78985e+03 1.22804e-45
8.81012e+03 1.23364e-45
8.83043e+03 1.23927e-45
8.85080e+03 1.24492e-45
8.87121e+03 1.25060e-45
8.89166e+03 1.25631e-45
8.91217e+03 1.26204e-45
8.93272e+03 1.26780e-45
8.95332e+03 1.27359e-45
8.97396e+03 1.27940e-45
8.99466e+03 1.28524e-45
9.01540e+03 1.29111e-45
9.03619e+03 1.29700e-45
9.05703e+03 1.30292e-45
9.07791e+03 1.30887e-45
9.09885e+03 1.31484e-45
9.11983e+03 1.32085e-45
9.14086e+03 1.32688e-45
9.16194e+03 1.33293e-45
9.18307e+03 1.33902e-45
9.20424e+03 1.34514e-45
9.22547e+03 1.35128e-45
9.24674e+03 1.35745e-45
9.26806e+03 1.36365e-45
9.28944e+03 1.36988e-45
9.31086e+03 1.37614e-45
9.33233e+03 1.38242e-45
9.35385e+03 1.38874e-45
9.37542e+03 1.39508e-45
9.39704e+03 1.40145e-45
9.41871e+03 1.40786e-45
9.44043e+03 1.41429e-45
9.46220e+03 1.42075e-45
9.48402e+03 1.42724e-45
9.50589e+03 1.43377e-45
9.52781e+03 1.44032e-45
9.54978e+03 1.44690e-45
9.57180e+03 1.45351e-45
9.59387e+03 1.46016e-45
9.61600e+03 1.46683e-45
9.63817e+03 1.47354e-45
9.66040e+03 1.48027e-45
9.68267e+03 1.48704e-45
9.70500e+03 1.49384e-45
9.72738e+03 1.50067e-45
9.74981e+03 1.50753e-45
9.77230e+03 1.51442e-45
9.79483e+03 1.52134e-45
9.81742e+03 1.52830e-45
9.84006e+03 1.53529e-45
9.86275e+03 1.54231e-45
9.88549e+03 1.54936e-45
9.90829e+03 1.55645e-45
9.93114e+03 1.56357e-45
9.95404e+03 1.57072e-45
9.97699e+03 1.57790e-45
1.00000e+04 1.58512e-45
