1.00231e+00 8.09909e-44
1.00462e+00 8.09909e-44
1.00693e+00 8.09909e-44
1.00925e+00 8.09909e-44
1.01158e+00 8.09909e-44
1.01391e+00 8.09909e-44
1.01625e+00 8.09909e-44
1.01859e+00 8.09909e-44
1.02094e+00 8.09909e-44
1.02329e+00 8.09909e-44
1.02565e+00 8.09909e-44
1.02802e+00 8.09909e-44
1.03039e+00 8.09909e-44
1.03276e+00 8.09909e-44
1.03514e+00 8.09909e-44
1.03753e+00 8.09909e-44
1.03992e+00 8.09909e-44
1.04232e+00 8.09909e-44
1.04472e+00 8.09909e-44
1.04713e+00 8.09909e-44
1.04954e+00 8.09909e-44
1.05196e+00 8.09909e-44
1.05439e+00 8.09909e-44
1.05682e+00 8.09909e-44
1.05925e+00 8.09909e-44
1.06170e+00 8.09909e-44
1.06414e+00 8.09909e-44
1.06660e+00 8.09909e-44
1.06905e+00 8.09909e-44
1.07152e+00 8.09909e-44
1.07399e+00 8.09909e-44
1.07647e+00 8.09909e-44
1.07895e+00 8.09909e-44
1.08143e+00 8.09909e-44
1.08393e+00 8.09909e-44
1.08643e+00 8.09909e-44
1.08893e+00 8.09909e-44
1.09144e+00 8.09909e-44
1.09396e+00 8.09909e-44
1.09648e+00 8.09909e-44
1.09901e+00 8.09909e-44
1.10154e+00 8.09909e-44
1.10408e+00 8.09909e-44
1.10662e+00 8.09909e-44
1.10917e+00 8.09909e-44
1.11173e+00 8.09909e-44
1.11429e+00 8.09909e-44
1.11686e+00 8.09909e-44
1.11944e+00 8.09909e-44
1.12202e+00 8.09909e-44
1.12460e+00 8.09909e-44
1.12720e+00 8.09909e-44
1.12980e+00 8.09909e-44
1.13240e+00 8.09909e-44
1.13501e+00 8.09909e-44
1.13763e+00 8.09909e-44
1.14025e+00 8.09909e-44
1.14288e+00 8.09909e-44
1.14551e+00 8.09909e-44
1.14815e+00 8.09909e-44
1.15080e+00 8.09909e-44
1.15345e+00 8.09909e-44
1.15611e+00 8.09909e-44
1.15878e+00 8.09909e-44
1.16145e+00 8.09909e-44
1.16413e+00 8.09909e-44
1.16681e+00 8.09909e-44
1.16950e+00 8.09909e-44
1.17220e+00 8.09909e-44
1.17490e+00 8.09909e-44
1.17761e+00 8.09909e-44
1.18032e+00 8.09909e-44
1.18304e+00 8.09909e-44
1.18577e+00 8.09909e-44
1.18850e+00 8.09909e-44
1.19124e+00 8.09909e-44
1.19399e+00 8.09909e-44
1.19674e+00 8.09909e-44
1.19950e+00 8.09909e-44
1.20226e+00 8.09909e-44
1.20504e+00 8.09909e-44
1.20781e+00 8.09909e-44
1.21060e+00 8.09909e-44
1.21339e+00 8.09909e-44
1.21619e+00 8.09909e-44
1.21899e+00 8.09909e-44
1.22180e+00 8.09909e-44
1.22462e+00 8.09909e-44
1.22744e+00 8.09909e-44
1.23027e+00 8.09909e-44
1.23310e+00 8.09909e-44
1.23595e+00 8.09909e-44
1.23880e+00 8.09909e-44
1.24165e+00 8.09909e-44
1.24451e+00 8.09909e-44
1.24738e+00 8.09909e-44
1.25026e+00 8.09909e-44
1.25314e+00 8.09909e-44
1.25603e+00 8.09909e-44
1.25893e+00 8.09909e-44
1.26183e+00 8.09909e-44
1.26474e+00 8.09909e-44
1.26765e+00 8.09909e-44
1.27057e+00 8.09909e-44
1.27350e+00 8.09909e-44
1.27644e+00 8.09909e-44
1.27938e+00 8.09909e-44
1.28233e+00 8.09909e-44
1.28529e+00 8.09909e-44
1.28825e+00 8.09909e-44
1.29122e+00 8.09909e-44
1.29420e+00 8.09909e-44
1.29718e+00 8.09909e-44
1.30017e+00 8.09909e-44
1.30317e+00 8.09909e-44
1.30617e+00 8.09909e-44
1.30918e+00 8.09909e-44
1.31220e+00 8.09909e-44
1.31522e+00 8.09909e-44
1.31826e+00 8.09909e-44
1.32130e+00 8.09909e-44
1.32434e+00 8.09909e-44
1.32739e+00 8.09909e-44
1.33045e+00 8.09909e-44
1.33352e+00 8.09909e-44
1.33660e+00 8.09909e-44
1.33968e+00 8.09909e-44
1.34276e+00 8.09909e-44
1.34586e+00 8.09909e-44
1.34896e+00 8.09909e-44
1.35207e+00 8.09909e-44
1.35519e+00 8.09909e-44
1.35831e+00 8.09909e-44
1.36144e+00 8.09909e-44
1.36458e+00 8.09909e-44
1.36773e+00 8.09909e-44
1.37088e+00 8.09909e-44
1.37404e+00 8.09909e-44
1.37721e+00 8.09909e-44
1.38038e+00 8.09909e-44
1.38357e+00 8.09909e-44
1.38676e+00 8.09909e-44
1.38995e+00 8.09909e-44
1.39316e+00 8.09909e-44
1.39637e+00 8.09909e-44
1.39959e+00 8.09909e-44
1.40281e+00 8.09909e-44
1.40605e+00 8.09909e-44
1.40929e+00 8.09909e-44
1.41254e+00 8.09909e-44
1.41579e+00 8.09909e-44
1.41906e+00 8.09909e-44
1.42233e+00 8.09909e-44
1.42561e+00 8.09909e-44
1.42889e+00 8.09909e-44
1.43219e+00 8.09909e-44
1.43549e+00 8.09909e-44
1.43880e+00 8.09909e-44
1.44212e+00 8.09909e-44
1.44544e+00 8.09909e-44
1.44877e+00 8.09909e-44
1.45211e+00 8.09909e-44
1.45546e+00 8.09909e-44
1.45881e+00 8.09909e-44
1.46218e+00 8.09909e-44
1.46555e+00 8.09909e-44
1.46893e+00 8.09909e-44
1.47231e+00 8.09909e-44
1.47571e+00 8.09909e-44
1.47911e+00 8.09909e-44
1.48252e+00 8.09909e-44
1.48594e+00 8.09909e-44
1.48936e+00 8.09909e-44
1.49279e+00 8.09909e-44
1.49624e+00 8.09909e-44
1.49968e+00 8.09909e-44
1.50314e+00 8.09909e-44
1.50661e+00 8.09909e-44
1.51008e+00 8.09909e-44
1.51356e+00 8.09909e-44
1.51705e+00 8.09909e-44
1.52055e+00 8.09909e-44
1.52405e+00 8.09909e-44
1.52757e+00 8.09909e-44
1.53109e+00 8.09909e-44
1.53462e+00 8.09909e-44
1.53815e+00 8.09909e-44
1.54170e+00 8.09909e-44
1.54525e+00 8.09909e-44
1.54882e+00 8.09909e-44
1.55239e+00 8.09909e-44
1.55597e+00 8.09909e-44
1.55955e+00 8.09909e-44
1.56315e+00 8.09909e-44
1.56675e+00 8.09909e-44
1.57036e+00 8.09909e-44
1.57398e+00 8.09909e-44
1.57761e+00 8.09909e-44
1.58125e+00 8.09909e-44
1.58489e+00 8.09909e-44
1.58855e+00 8.09909e-44
1.59221e+00 8.09909e-44
1.59588e+00 8.09909e-44
1.59956e+00 8.09909e-44
1.60325e+00 8.09909e-44
1.60694e+00 8.09909e-44
1.61065e+00 8.09909e-44
1.61436e+00 8.09909e-44
1.61808e+00 8.09909e-44
1.62181e+00 8.09909e-44
1.62555e+00 8.09909e-44
1.62930e+00 8.09909e-44
1.63305e+00 8.09909e-44
1.63682e+00 8.09909e-44
1.64059e+00 8.09909e-44
1.64437e+00 8.09909e-44
1.64816e+00 8.09909e-44
1.65196e+00 8.09909e-44
1.65577e+00 8.09909e-44
1.65959e+00 8.09909e-44
1.66341e+00 8.09909e-44
1.66725e+00 8.09909e-44
1.67109e+00 8.09909e-44
1.67494e+00 8.09909e-44
1.67880e+00 8.09909e-44
1.68267e+00 8.09909e-44
1.68655e+00 8.09909e-44
1.69044e+00 8.09909e-44
1.69434e+00 8.09909e-44
1.69824e+00 8.09909e-44
1.70216e+00 8.09909e-44
1.70608e+00 8.09909e-44
1.71002e+00 8.09909e-44
1.71396e+00 8.09909e-44
1.71791e+00 8.09909e-44
1.72187e+00 8.09909e-44
1.72584e+00 8.09909e-44
1.72982e+00 8.09909e-44
1.73380e+00 8.09909e-44
1.73780e+00 8.09909e-44
1.74181e+00 8.09909e-44
1.74582e+00 8.09909e-44
1.74985e+00 8.09909e-44
1.75388e+00 8.09909e-44
1.75792e+00 8.09909e-44
1.76198e+00 8.09909e-44
1.76604e+00 8.09909e-44
1.77011e+00 8.09909e-44
1.77419e+00 8.09909e-44
1.77828e+00 8.09909e-44
1.78238e+00 8.09909e-44
1.78649e+00 8.09909e-44
1.79061e+00 8.09909e-44
1.79473e+00 8.09909e-44
1.79887e+00 8.09909e-44
1.80302e+00 8.09909e-44
1.80717e+00 8.09909e-44
1.81134e+00 8.09909e-44
1.81552e+00 8.09909e-44
1.81970e+00 8.09909e-44
1.82390e+00 8.09909e-44
1.82810e+00 8.09909e-44
1.83231e+00 8.09909e-44
1.83654e+00 8.09909e-44
1.84077e+00 8.09909e-44
1.84502e+00 8.09909e-44
1.84927e+00 8.09909e-44
1.85353e+00 8.09909e-44
1.85780e+00 8.09909e-44
1.86209e+00 8.09909e-44
1.86638e+00 8.09909e-44
1.87068e+00 8.09909e-44
1.87499e+00 8.09909e-44
1.87932e+00 8.09909e-44
1.88365e+00 8.09909e-44
1.88799e+00 8.09909e-44
1.89234e+00 8.09909e-44
1.89671e+00 8.09909e-44
1.90108e+00 8.09909e-44
1.90546e+00 8.09909e-44
1.90985e+00 8.09909e-44
1.91426e+00 8.09909e-44
1.91867e+00 8.09909e-44
1.92309e+00 8.09909e-44
1.92752e+00 8.09909e-44
1.93197e+00 8.09909e-44
1.93642e+00 8.09909e-44
1.94089e+00 8.09909e-44
1.94536e+00 8.09909e-44
1.94984e+00 8.09909e-44
1.95434e+00 8.09909e-44
1.95884e+00 8.09909e-44
1.96336e+00 8.09909e-44
1.96789e+00 8.09909e-44
1.97242e+00 8.09909e-44
1.97697e+00 8.09909e-44
1.98153e+00 8.09909e-44
1.98609e+00 8.09909e-44
1.99067e+00 8.09909e-44
1.99526e+00 8.09909e-44
1.99986e+00 8.09909e-44
2.00447e+00 8.09909e-44
2.00909e+00 8.09909e-44
2.01372e+00 8.09909e-44
2.01837e+00 8.09909e-44
2.02302e+00 8.09909e-44
2.02768e+00 8.09909e-44
2.03236e+00 8.09909e-44
2.03704e+00 8.09909e-44
2.04174e+00 8.09909e-44
2.04644e+00 8.09909e-44
2.05116e+00 8.09909e-44
2.05589e+00 8.09909e-44
2.06063e+00 8.09909e-44
2.06538e+00 8.09909e-44
2.07014e+00 8.09909e-44
2.07491e+00 8.09909e-44
2.07970e+00 8.09909e-44
2.08449e+00 8.09909e-44
2.08930e+00 8.09909e-44
2.09411e+00 8.09909e-44
2.09894e+00 8.09909e-44
2.10378e+00 8.09909e-44
2.10863e+00 8.09909e-44
2.11349e+00 8.09909e-44
2.11836e+00 8.09909e-44
2.12324e+00 8.09909e-44
2.12814e+00 8.09909e-44
2.13304e+00 8.09909e-44
2.13796e+00 8.09909e-44
2.14289e+00 8.09909e-44
2.14783e+00 8.09909e-44
2.15278e+00 8.09909e-44
2.15774e+00 8.09909e-44
2.16272e+00 8.09909e-44
2.16770e+00 8.09909e-44
2.17270e+00 8.09909e-44
2.17771e+00 8.09909e-44
2.18273e+00 8.09909e-44
2.18776e+00 8.09909e-44
2.19280e+00 8.09909e-44
2.19786e+00 8.09909e-44
2.20293e+00 8.09909e-44
2.20800e+00 8.09909e-44
2.21309e+00 8.09909e-44
2.21820e+00 8.09909e-44
2.22331e+00 8.09909e-44
2.22844e+00 8.09909e-44
2.23357e+00 8.09909e-44
2.23872e+00 8.09909e-44
2.24388e+00 8.09909e-44
2.24905e+00 8.09909e-44
2.25424e+00 8.09909e-44
2.25944e+00 8.09909e-44
2.26464e+00 8.09909e-44
2.26986e+00 8.09909e-44
2.27510e+00 8.09909e-44
2.28034e+00 8.09909e-44
2.28560e+00 8.09909e-44
2.29087e+00 8.09909e-44
2.29615e+00 8.09909e-44
2.30144e+00 8.09909e-44
2.30675e+00 8.09909e-44
2.31206e+00 8.09909e-44
2.31739e+00 8.09909e-44
2.32274e+00 8.09909e-44
2.32809e+00 8.09909e-44
2.33346e+00 8.09909e-44
2.33884e+00 8.09909e-44
2.34423e+00 8.09909e-44
2.34963e+00 8.09909e-44
2.35505e+00 8.09909e-44
2.36048e+00 8.09909e-44
2.36592e+00 8.09909e-44
2.37137e+00 8.09909e-44
2.37684e+00 8.09909e-44
2.38232e+00 8.09909e-44
2.38781e+00 8.09909e-44
2.39332e+00 8.09909e-44
2.39883e+00 8.09909e-44
2.40436e+00 8.09909e-44
2.40991e+00 8.09909e-44
2.41546e+00 8.09909e-44
2.42103e+00 8.09909e-44
2.42661e+00 8.09909e-44
2.43220e+00 8.09909e-44
2.43781e+00 8.09909e-44
2.44343e+00 8.09909e-44
2.44906e+00 8.09909e-44
2.45471e+00 8.09909e-44
2.46037e+00 8.09909e-44
2.46604e+00 8.09909e-44
2.47172e+00 8.09909e-44
2.47742e+00 8.09909e-44
2.48313e+00 8.09909e-44
2.48886e+00 8.09909e-44
2.49459e+00 8.09909e-44
2.50035e+00 8.09909e-44
2.50611e+00 8.09909e-44
2.51189e+00 8.09909e-44
2.51768e+00 8.09909e-44
2.52348e+00 8.09909e-44
2.52930e+00 8.09909e-44
2.53513e+00 8.09909e-44
2.54097e+00 8.09909e-44
2.54683e+00 8.09909e-44
2.55270e+00 8.09909e-44
2.55859e+00 8.09909e-44
2.56448e+00 8.09909e-44
2.57040e+00 8.09909e-44
2.57632e+00 8.09909e-44
2.58226e+00 8.09909e-44
2.58821e+00 8.09909e-44
2.59418e+00 8.09909e-44
2.60016e+00 8.09909e-44
2.60615e+00 8.09909e-44
2.61216e+00 8.09909e-44
2.61818e+00 8.09909e-44
2.62422e+00 8.09909e-44
2.63027e+00 8.09909e-44
2.63633e+00 8.09909e-44
2.64241e+00 8.09909e-44
2.64850e+00 8.09909e-44
2.65461e+00 8.09909e-44
2.66073e+00 8.09909e-44
2.66686e+00 8.09909e-44
2.67301e+00 8.09909e-44
2.67917e+00 8.09909e-44
2.68534e+00 8.09909e-44
2.69153e+00 8.09909e-44
2.69774e+00 8.09909e-44
2.70396e+00 8.09909e-44
2.71019e+00 8.09909e-44
2.71644e+00 8.09909e-44
2.72270e+00 8.09909e-44
2.72898e+00 8.09909e-44
2.73527e+00 8.09909e-44
2.74157e+00 8.09909e-44
2.74789e+00 8.09909e-44
2.75423e+00 8.09909e-44
2.76058e+00 8.09909e-44
2.76694e+00 8.09909e-44
2.77332e+00 8.09909e-44
2.77971e+00 8.09909e-44
2.78612e+00 8.09909e-44
2.79254e+00 8.09909e-44
2.79898e+00 8.09909e-44
2.80543e+00 8.09909e-44
2.81190e+00 8.09909e-44
2.81838e+00 8.09909e-44
2.82488e+00 8.09909e-44
2.83139e+00 8.09909e-44
2.83792e+00 8.09909e-44
2.84446e+00 8.09909e-44
2.85102e+00 8.09909e-44
2.85759e+00 8.09909e-44
2.86418e+00 8.09909e-44
2.87078e+00 8.09909e-44
2.87740e+00 8.09909e-44
2.88403e+00 8.09909e-44
2.89068e+00 8.09909e-44
2.89734e+00 8.09909e-44
2.90402e+00 8.09909e-44
2.91072e+00 8.09909e-44
2.91743e+00 8.09909e-44
2.92415e+00 8.09909e-44
2.93089e+00 8.09909e-44
2.93765e+00 8.09909e-44
2.94442e+00 8.09909e-44
2.95121e+00 8.09909e-44
2.95801e+00 8.09909e-44
2.96483e+00 8.09909e-44
2.97167e+00 8.09909e-44
2.97852e+00 8.09909e-44
2.98538e+00 8.09909e-44
2.99226e+00 8.09909e-44
2.99916e+00 8.09909e-44
3.00608e+00 8.09909e-44
3.01301e+00 8.09909e-44
3.01995e+00 8.09909e-44
3.02691e+00 8.09909e-44
3.03389e+00 8.09909e-44
3.04089e+00 8.09909e-44
3.04789e+00 8.09909e-44
3.05492e+00 8.09909e-44
3.06196e+00 8.09909e-44
3.06902e+00 8.09909e-44
3.07610e+00 8.09909e-44
3.08319e+00 8.09909e-44
3.09030e+00 8.09909e-44
3.09742e+00 8.09909e-44
3.10456e+00 8.09909e-44
3.11172e+00 8.09909e-44
3.11889e+00 8.09909e-44
3.12608e+00 8.09909e-44
3.13329e+00 8.09909e-44
3.14051e+00 8.09909e-44
3.14775e+00 8.09909e-44
3.15500e+00 8.09909e-44
3.16228e+00 8.09909e-44
3.16957e+00 8.09909e-44
3.17687e+00 8.09909e-44
3.18420e+00 8.09909e-44
3.19154e+00 8.09909e-44
3.19890e+00 8.09909e-44
3.20627e+00 8.09909e-44
3.21366e+00 8.09909e-44
3.22107e+00 8.09909e-44
3.22849e+00 8.09909e-44
3.23594e+00 8.09909e-44
3.24340e+00 8.09909e-44
3.25087e+00 8.09909e-44
3.25837e+00 8.09909e-44
3.26588e+00 8.09909e-44
3.27341e+00 8.09909e-44
3.28095e+00 8.09909e-44
3.28852e+00 8.09909e-44
3.29610e+00 8.09909e-44
3.30370e+00 8.09909e-44
3.31131e+00 8.09909e-44
3.31894e+00 8.09909e-44
3.32660e+00 8.09909e-44
3.33426e+00 8.09909e-44
3.34195e+00 8.09909e-44
3.34965e+00 8.09909e-44
3.35738e+00 8.09909e-44
3.36512e+00 8.09909e-44
3.37287e+00 8.09909e-44
3.38065e+00 8.09909e-44
3.38844e+00 8.09909e-44
3.39625e+00 8.09909e-44
3.40408e+00 8.09909e-44
3.41193e+00 8.09909e-44
3.41979e+00 8.09909e-44
3.42768e+00 8.09909e-44
3.43558e+00 8.09909e-44
3.44350e+00 8.09909e-44
3.45144e+00 8.09909e-44
3.45939e+00 8.09909e-44
3.46737e+00 8.09909e-44
3.47536e+00 8.09909e-44
3.48337e+00 8.09909e-44
3.49140e+00 8.09909e-44
3.49945e+00 8.09909e-44
3.50752e+00 8.09909e-44
3.51560e+00 8.09909e-44
3.52371e+00 8.09909e-44
3.53183e+00 8.09909e-44
3.53997e+00 8.09909e-44
3.54813e+00 8.09909e-44
3.55631e+00 8.09909e-44
3.56451e+00 8.09909e-44
3.57273e+00 8.09909e-44
3.58096e+00 8.09909e-44
3.58922e+00 8.09909e-44
3.59749e+00 8.09909e-44
3.60579e+00 8.09909e-44
3.61410e+00 8.09909e-44
3.62243e+00 8.09909e-44
3.63078e+00 8.09909e-44
3.63915e+00 8.09909e-44
3.64754e+00 8.09909e-44
3.65595e+00 8.09909e-44
3.66438e+00 8.09909e-44
3.67282e+00 8.09909e-44
3.68129e+00 8.09909e-44
3.68978e+00 8.09909e-44
3.69828e+00 8.09909e-44
3.70681e+00 8.09909e-44
3.71535e+00 8.09909e-44
3.72392e+00 8.09909e-44
3.73250e+00 8.09909e-44
3.74111e+00 8.09909e-44
3.74973e+00 8.09909e-44
3.75837e+00 8.09909e-44
3.76704e+00 8.09909e-44
3.77572e+00 8.09909e-44
3.78443e+00 8.09909e-44
3.79315e+00 8.09909e-44
3.80189e+00 8.09909e-44
3.81066e+00 8.09909e-44
3.81944e+00 8.09909e-44
3.82825e+00 8.09909e-44
3.83707e+00 8.09909e-44
3.84592e+00 8.09909e-44
3.85478e+00 8.09909e-44
3.86367e+00 8.09909e-44
3.87258e+00 8.09909e-44
3.88150e+00 8.09909e-44
3.89045e+00 8.09909e-44
3.89942e+00 8.09909e-44
3.90841e+00 8.09909e-44
3.91742e+00 8.09909e-44
3.92645e+00 8.09909e-44
3.93550e+00 8.09909e-44
3.94457e+00 8.09909e-44
3.95367e+00 8.09909e-44
3.96278e+00 8.09909e-44
3.97192e+00 8.09909e-44
3.98107e+00 8.09909e-44
3.99025e+00 8.09909e-44
3.99945e+00 8.09909e-44
4.00867e+00 8.09909e-44
4.01791e+00 8.09909e-44
4.02717e+00 8.09909e-44
4.03645e+00 8.09909e-44
4.04576e+00 8.09909e-44
4.05509e+00 8.09909e-44
4.06443e+00 8.09909e-44
4.07380e+00 8.09909e-44
4.08319e+00 8.09909e-44
4.09261e+00 8.09909e-44
4.10204e+00 8.09909e-44
4.11150e+00 8.09909e-44
4.12098e+00 8.09909e-44
4.13048e+00 8.09909e-44
4.14000e+00 8.09909e-44
4.14954e+00 8.09909e-44
4.15911e+00 8.09909e-44
4.16869e+00 8.09909e-44
4.17830e+00 8.09909e-44
4.18794e+00 8.09909e-44
4.19759e+00 8.09909e-44
4.20727e+00 8.09909e-44
4.21697e+00 8.09909e-44
4.22669e+00 8.09909e-44
4.23643e+00 8.09909e-44
4.24620e+00 8.09909e-44
4.25598e+00 8.09909e-44
4.26580e+00 8.09909e-44
4.27563e+00 8.09909e-44
4.28549e+00 8.09909e-44
4.29536e+00 8.09909e-44
4.30527e+00 8.09909e-44
4.31519e+00 8.09909e-44
4.32514e+00 8.09909e-44
4.33511e+00 8.09909e-44
4.34510e+00 8.09909e-44
4.35512e+00 8.09909e-44
4.36516e+00 8.09909e-44
4.37522e+00 8.09909e-44
4.38531e+00 8.09909e-44
4.39542e+00 8.09909e-44
4.40555e+00 8.09909e-44
4.41570e+00 8.09909e-44
4.42588e+00 8.09909e-44
4.43609e+00 8.09909e-44
4.44631e+00 8.09909e-44
4.45656e+00 8.09909e-44
4.46684e+00 8.09909e-44
4.47713e+00 8.09909e-44
4.48745e+00 8.09909e-44
4.49780e+00 8.09909e-44
4.50817e+00 8.09909e-44
4.51856e+00 8.09909e-44
4.52898e+00 8.09909e-44
4.53942e+00 8.09909e-44
4.54988e+00 8.09909e-44
4.56037e+00 8.09909e-44
4.57088e+00 8.09909e-44
4.58142e+00 8.09909e-44
4.59198e+00 8.09909e-44
4.60257e+00 8.09909e-44
4.61318e+00 8.09909e-44
4.62381e+00 8.09909e-44
4.63447e+00 8.09909e-44
4.64515e+00 8.09909e-44
4.65586e+00 8.09909e-44
4.66659e+00 8.09909e-44
4.67735e+00 8.09909e-44
4.68813e+00 8.09909e-44
4.69894e+00 8.09909e-44
4.70977e+00 8.09909e-44
4.72063e+00 8.09909e-44
4.73151e+00 8.09909e-44
4.74242e+00 8.09909e-44
4.75335e+00 8.09909e-44
4.76431e+00 8.09909e-44
4.77529e+00 8.09909e-44
4.78630e+00 8.09909e-44
4.79733e+00 8.09909e-44
4.80839e+00 8.09909e-44
4.81948e+00 8.09909e-44
4.83059e+00 8.09909e-44
4.84172e+00 8.09909e-44
4.85289e+00 8.09909e-44
4.86407e+00 8.09909e-44
4.87528e+00 8.09909e-44
4.88652e+00 8.09909e-44
4.89779e+00 8.09909e-44
4.90908e+00 8.09909e-44
4.92040e+00 8.09909e-44
4.93174e+00 8.09909e-44
4.94311e+00 8.09909e-44
4.95450e+00 8.09909e-44
4.96592e+00 8.09909e-44
4.97737e+00 8.09909e-44
4.98884e+00 8.09909e-44
5.00035e+00 8.09909e-44
5.01187e+00 8.09909e-44
5.02343e+00 8.09909e-44
5.03501e+00 8.09909e-44
5.04661e+00 8.09909e-44
5.05825e+00 8.09909e-44
5.06991e+00 8.09909e-44
5.08159e+00 8.09909e-44
5.09331e+00 8.09909e-44
5.10505e+00 8.09909e-44
5.11682e+00 8.09909e-44
5.12861e+00 8.09909e-44
5.14044e+00 8.09909e-44
5.15229e+00 8.09909e-44
5.16416e+00 8.09909e-44
5.17607e+00 8.09909e-44
5.18800e+00 8.09909e-44
5.19996e+00 8.09909e-44
5.21195e+00 8.09909e-44
5.22396e+00 8.09909e-44
5.23600e+00 8.09909e-44
5.24807e+00 8.09909e-44
5.26017e+00 8.09909e-44
5.27230e+00 8.09909e-44
5.28445e+00 8.09909e-44
5.29663e+00 8.09909e-44
5.30884e+00 8.09909e-44
5.32108e+00 8.09909e-44
5.33335e+00 8.09909e-44
5.34564e+00 8.09909e-44
5.35797e+00 8.09909e-44
5.37032e+00 8.09909e-44
5.38270e+00 8.09909e-44
5.39511e+00 8.09909e-44
5.40754e+00 8.09909e-44
5.42001e+00 8.09909e-44
5.43250e+00 8.09909e-44
5.44503e+00 8.09909e-44
5.45758e+00 8.09909e-44
5.47016e+00 8.09909e-44
5.48277e+00 8.09909e-44
5.49541e+00 8.09909e-44
5.50808e+00 8.09909e-44
5.52077e+00 8.09909e-44
5.53350e+00 8.09909e-44
5.54626e+00 8.09909e-44
5.55904e+00 8.09909e-44
5.57186e+00 8.09909e-44
5.58470e+00 8.09909e-44
5.59758e+00 8.09909e-44
5.61048e+00 8.09909e-44
5.62341e+00 8.09909e-44
5.63638e+00 8.09909e-44
5.64937e+00 8.09909e-44
5.66239e+00 8.09909e-44
5.67545e+00 8.09909e-44
5.68853e+00 8.09909e-44
5.70164e+00 8.09909e-44
5.71479e+00 8.09909e-44
5.72796e+00 8.09909e-44
5.74116e+00 8.09909e-44
5.75440e+00 8.09909e-44
5.76766e+00 8.09909e-44
5.78096e+00 8.09909e-44
5.79429e+00 8.09909e-44
5.80764e+00 8.09909e-44
5.82103e+00 8.09909e-44
5.83445e+00 8.09909e-44
5.84790e+00 8.09909e-44
5.86138e+00 8.09909e-44
5.87489e+00 8.09909e-44
5.88844e+00 8.09909e-44
5.90201e+00 8.09909e-44
5.91562e+00 8.09909e-44
5.92925e+00 8.09909e-44
5.94292e+00 8.09909e-44
5.95662e+00 8.09909e-44
5.97035e+00 8.09909e-44
5.98412e+00 8.09909e-44
5.99791e+00 8.09909e-44
6.01174e+00 8.09909e-44
6.02560e+00 8.09909e-44
6.03949e+00 8.09909e-44
6.05341e+00 8.09909e-44
6.06736e+00 8.09909e-44
6.08135e+00 8.09909e-44
6.09537e+00 8.09909e-44
6.10942e+00 8.09909e-44
6.12350e+00 8.09909e-44
6.13762e+00 8.09909e-44
6.15177e+00 8.09909e-44
6.16595e+00 8.09909e-44
6.18016e+00 8.09909e-44
6.19441e+00 8.09909e-44
6.20869e+00 8.09909e-44
6.22300e+00 8.09909e-44
6.23735e+00 8.09909e-44
6.25173e+00 8.09909e-44
6.26614e+00 8.09909e-44
6.28058e+00 8.09909e-44
6.29506e+00 8.09909e-44
6.30957e+00 8.09909e-44
6.32412e+00 8.09909e-44
6.33870e+00 8.09909e-44
6.35331e+00 8.09909e-44
6.36796e+00 8.09909e-44
6.38263e+00 8.09909e-44
6.39735e+00 8.09909e-44
6.41210e+00 8.09909e-44
6.42688e+00 8.09909e-44
6.44169e+00 8.09909e-44
6.45654e+00 8.09909e-44
6.47143e+00 8.09909e-44
6.48634e+00 8.09909e-44
6.50130e+00 8.09909e-44
6.51628e+00 8.09909e-44
6.53131e+00 8.09909e-44
6.54636e+00 8.09909e-44
6.56145e+00 8.09909e-44
6.57658e+00 8.09909e-44
6.59174e+00 8.09909e-44
6.60693e+00 8.09909e-44
6.62217e+00 8.09909e-44
6.63743e+00 8.09909e-44
6.65273e+00 8.09909e-44
6.66807e+00 8.09909e-44
6.68344e+00 8.09909e-44
6.69885e+00 8.09909e-44
6.71429e+00 8.09909e-44
6.72977e+00 8.09909e-44
6.74528e+00 8.09909e-44
6.76083e+00 8.09909e-44
6.77642e+00 8.09909e-44
6.79204e+00 8.09909e-44
6.80769e+00 8.09909e-44
6.82339e+00 8.09909e-44
6.83912e+00 8.09909e-44
6.85488e+00 8.09909e-44
6.87068e+00 8.09909e-44
6.88652e+00 8.09909e-44
6.90240e+00 8.09909e-44
6.91831e+00 8.09909e-44
6.93426e+00 8.09909e-44
6.95024e+00 8.09909e-44
6.96627e+00 8.09909e-44
6.98232e+00 8.09909e-44
6.99842e+00 8.09909e-44
7.01455e+00 8.09909e-44
7.03072e+00 8.09909e-44
7.04693e+00 8.09909e-44
7.06318e+00 8.09909e-44
7.07946e+00 8.09909e-44
7.09578e+00 8.09909e-44
7.11214e+00 8.09909e-44
7.12853e+00 8.09909e-44
7.14496e+00 8.09909e-44
7.16143e+00 8.09909e-44
7.17794e+00 8.09909e-44
7.19449e+00 8.09909e-44
7.21107e+00 8.09909e-44
7.22770e+00 8.09909e-44
7.24436e+00 8.09909e-44
7.26106e+00 8.09909e-44
7.27780e+00 8.09909e-44
7.29458e+00 8.09909e-44
7.31139e+00 8.09909e-44
7.32825e+00 8.09909e-44
7.34514e+00 8.09909e-44
7.36207e+00 8.09909e-44
7.37904e+00 8.09909e-44
7.39605e+00 8.09909e-44
7.41310e+00 8.09909e-44
7.43019e+00 8.09909e-44
7.44732e+00 8.09909e-44
7.46449e+00 8.09909e-44
7.48170e+00 8.09909e-44
7.49894e+00 8.09909e-44
7.51623e+00 8.09909e-44
7.53356e+00 8.09909e-44
7.55092e+00 8.09909e-44
7.56833e+00 8.09909e-44
7.58578e+00 8.09909e-44
7.60326e+00 8.09909e-44
7.62079e+00 8.09909e-44
7.63836e+00 8.09909e-44
7.65597e+00 8.09909e-44
7.67361e+00 8.09909e-44
7.69130e+00 8.09909e-44
7.70903e+00 8.09909e-44
7.72681e+00 8.09909e-44
7.74462e+00 8.09909e-44
7.76247e+00 8.09909e-44
7.78037e+00 8.09909e-44
7.79830e+00 8.09909e-44
7.81628e+00 8.09909e-44
7.83430e+00 8.09909e-44
7.85236e+00 8.09909e-44
7.87046e+00 8.09909e-44
7.88860e+00 8.09909e-44
7.90679e+00 8.09909e-44
7.92501e+00 8.09909e-44
7.94328e+00 8.09909e-44
7.96159e+00 8.09909e-44
7.97995e+00 8.09909e-44
7.99834e+00 8.09909e-44
8.01678e+00 8.09909e-44
8.03526e+00 8.09909e-44
8.05378e+00 8.09909e-44
8.07235e+00 8.09909e-44
8.09096e+00 8.09909e-44
8.10961e+00 8.09909e-44
8.12831e+00 8.09909e-44
8.14704e+00 8.09909e-44
8.16582e+00 8.09909e-44
8.18465e+00 8.09909e-44
8.20352e+00 8.09909e-44
8.22243e+00 8.09909e-44
8.24138e+00 8.09909e-44
8.26038e+00 8.09909e-44
8.27942e+00 8.09909e-44
8.29851e+00 8.09909e-44
8.31764e+00 8.09909e-44
8.33681e+00 8.09909e-44
8.35603e+00 8.09909e-44
8.37529e+00 8.09909e-44
8.39460e+00 8.09909e-44
8.41395e+00 8.09909e-44
8.43335e+00 8.09909e-44
8.45279e+00 8.09909e-44
8.47227e+00 8.09909e-44
8.49180e+00 8.09909e-44
8.51138e+00 8.09909e-44
8.53100e+00 8.09909e-44
8.55067e+00 8.09909e-44
8.57038e+00 8.09909e-44
8.59014e+00 8.09909e-44
8.60994e+00 8.09909e-44
8.62979e+00 8.09909e-44
8.64968e+00 8.09909e-44
8.66962e+00 8.09909e-44
8.68960e+00 8.09909e-44
8.70964e+00 8.09909e-44
8.72971e+00 8.09909e-44
8.74984e+00 8.09909e-44
8.77001e+00 8.09909e-44
8.79023e+00 8.09909e-44
8.81049e+00 8.09909e-44
8.83080e+00 8.09909e-44
8.85116e+00 8.09909e-44
8.87156e+00 8.09909e-44
8.89201e+00 8.09909e-44
8.91251e+00 8.09909e-44
8.93305e+00 8.09909e-44
8.95365e+00 8.09909e-44
8.97429e+00 8.09909e-44
8.99498e+00 8.09909e-44
9.01571e+00 8.09909e-44
9.03649e+00 8.09909e-44
9.05733e+00 8.09909e-44
9.07821e+00 8.09909e-44
9.09913e+00 8.09909e-44
9.12011e+00 8.09909e-44
9.14113e+00 8.09909e-44
9.16220e+00 8.09909e-44
9.18333e+00 8.09909e-44
9.20450e+00 8.09909e-44
9.22571e+00 8.09909e-44
9.24698e+00 8.09909e-44
9.26830e+00 8.09909e-44
9.28966e+00 8.09909e-44
9.31108e+00 8.09909e-44
9.33254e+00 8.09909e-44
9.35406e+00 8.09909e-44
9.37562e+00 8.09909e-44
9.39723e+00 8.09909e-44
9.41890e+00 8.09909e-44
9.44061e+00 8.09909e-44
9.46237e+00 8.09909e-44
9.48418e+00 8.09909e-44
9.50605e+00 8.09909e-44
9.52796e+00 8.09909e-44
9.54993e+00 8.09909e-44
9.57194e+00 8.09909e-44
9.59401e+00 8.09909e-44
9.61612e+00 8.09909e-44
9.63829e+00 8.09909e-44
9.66051e+00 8.09909e-44
9.68278e+00 8.09909e-44
9.70510e+00 8.09909e-44
9.72747e+00 8.09909e-44
9.74990e+00 8.09909e-44
9.77237e+00 8.09909e-44
9.79490e+00 8.09909e-44
9.81748e+00 8.09909e-44
9.84011e+00 8.09909e-44
9.86279e+00 8.09909e-44
9.88553e+00 8.09909e-44
9.90832e+00 8.09909e-44
9.93116e+00 8.09909e-44
9.95405e+00 8.09909e-44
9.97700e+00 8.09909e-44
1.00000e+01 8.09909e-44
1.00231e+01 8.01971e-44
1.00462e+01 7.94118e-44
1.00693e+01 7.86337e-44
1.00925e+01 7.78639e-44
1.01158e+01 7.71012e-44
1.01391e+01 7.63461e-44
1.01625e+01 7.55981e-44
1.01859e+01 7.48581e-44
1.02094e+01 7.41250e-44
1.02329e+01 7.33993e-44
1.02565e+01 7.26804e-44
1.02802e+01 7.19688e-44
1.03039e+01 7.12644e-44
1.03276e+01 7.05667e-44
1.03514e+01 6.98756e-44
1.03753e+01 6.91921e-44
1.03992e+01 6.85146e-44
1.04232e+01 6.78441e-44
1.04472e+01 6.71800e-44
1.04713e+01 6.65227e-44
1.04954e+01 6.58718e-44
1.05196e+01 6.52271e-44
1.05439e+01 6.45887e-44
1.05682e+01 6.39569e-44
1.05925e+01 6.33307e-44
1.06170e+01 6.27112e-44
1.06414e+01 6.20976e-44
1.06660e+01 6.14901e-44
1.06905e+01 6.08885e-44
1.07152e+01 6.02928e-44
1.07399e+01 5.97030e-44
1.07647e+01 5.91190e-44
1.07895e+01 5.85408e-44
1.08143e+01 5.79683e-44
1.08393e+01 5.74010e-44
1.08643e+01 5.68398e-44
1.08893e+01 5.62838e-44
1.09144e+01 5.57333e-44
1.09396e+01 5.51879e-44
1.09648e+01 5.46484e-44
1.09901e+01 5.41139e-44
1.10154e+01 5.35844e-44
1.10408e+01 5.30607e-44
1.10662e+01 5.25418e-44
1.10917e+01 5.20278e-44
1.11173e+01 5.15190e-44
1.11429e+01 5.10150e-44
1.11686e+01 5.05162e-44
1.11944e+01 5.00225e-44
1.12202e+01 4.95330e-44
1.12460e+01 4.90490e-44
1.12720e+01 4.85691e-44
1.12980e+01 4.80942e-44
1.13240e+01 4.76239e-44
1.13501e+01 4.71585e-44
1.13763e+01 4.66970e-44
1.14025e+01 4.62405e-44
1.14288e+01 4.57883e-44
1.14551e+01 4.53409e-44
1.14815e+01 4.48974e-44
1.15080e+01 4.44586e-44
1.15345e+01 4.40236e-44
1.15611e+01 4.35933e-44
1.15878e+01 4.31671e-44
1.16145e+01 4.27447e-44
1.16413e+01 4.23269e-44
1.16681e+01 4.19131e-44
1.16950e+01 4.15031e-44
1.17220e+01 4.10974e-44
1.17490e+01 4.06954e-44
1.17761e+01 4.02978e-44
1.18032e+01 3.99037e-44
1.18304e+01 3.95135e-44
1.18577e+01 3.91272e-44
1.18850e+01 3.87444e-44
1.19124e+01 3.83658e-44
1.19399e+01 3.79907e-44
1.19674e+01 3.76189e-44
1.19950e+01 3.72513e-44
1.20226e+01 3.68870e-44
1.20504e+01 3.65261e-44
1.20781e+01 3.61692e-44
1.21060e+01 3.58152e-44
1.21339e+01 3.54652e-44
1.21619e+01 3.51184e-44
1.21899e+01 3.47748e-44
1.22180e+01 3.44347e-44
1.22462e+01 3.40978e-44
1.22744e+01 3.37644e-44
1.23027e+01 3.34341e-44
1.23310e+01 3.31073e-44
1.23595e+01 3.27834e-44
1.23880e+01 3.24627e-44
1.24165e+01 3.21453e-44
1.24451e+01 3.18308e-44
1.24738e+01 3.15194e-44
1.25026e+01 3.12112e-44
1.25314e+01 3.09060e-44
1.25603e+01 3.06037e-44
1.25893e+01 3.03042e-44
1.26183e+01 3.00079e-44
1.26474e+01 2.97142e-44
1.26765e+01 2.94236e-44
1.27057e+01 2.91358e-44
1.27350e+01 2.88507e-44
1.27644e+01 2.85684e-44
1.27938e+01 2.82889e-44
1.28233e+01 2.80120e-44
1.28529e+01 2.77379e-44
1.28825e+01 2.74664e-44
1.29122e+01 2.71976e-44
1.29420e+01 2.69314e-44
1.29718e+01 2.66679e-44
1.30017e+01 2.64069e-44
1.30317e+01 2.61485e-44
1.30617e+01 2.58927e-44
1.30918e+01 2.56391e-44
1.31220e+01 2.53883e-44
1.31522e+01 2.51397e-44
1.31826e+01 2.48936e-44
1.32130e+01 2.46499e-44
1.32434e+01 2.44088e-44
1.32739e+01 2.41697e-44
1.33045e+01 2.39330e-44
1.33352e+01 2.36988e-44
1.33660e+01 2.34666e-44
1.33968e+01 2.32367e-44
1.34276e+01 2.30092e-44
1.34586e+01 2.27841e-44
1.34896e+01 2.25609e-44
1.35207e+01 2.23398e-44
1.35519e+01 2.21212e-44
1.35831e+01 2.19043e-44
1.36144e+01 2.16899e-44
1.36458e+01 2.14775e-44
1.36773e+01 2.12670e-44
1.37088e+01 2.10587e-44
1.37404e+01 2.08522e-44
1.37721e+01 2.06480e-44
1.38038e+01 2.04456e-44
1.38357e+01 2.02453e-44
1.38676e+01 2.00469e-44
1.38995e+01 1.98506e-44
1.39316e+01 1.96558e-44
1.39637e+01 1.94633e-44
1.39959e+01 1.92724e-44
1.40281e+01 1.90835e-44
1.40605e+01 1.88964e-44
1.40929e+01 1.87112e-44
1.41254e+01 1.85278e-44
1.41579e+01 1.83462e-44
1.41906e+01 1.81662e-44
1.42233e+01 1.79879e-44
1.42561e+01 1.78116e-44
1.42889e+01 1.76369e-44
1.43219e+01 1.74639e-44
1.43549e+01 1.72925e-44
1.43880e+01 1.71230e-44
1.44212e+01 1.69549e-44
1.44544e+01 1.67886e-44
1.44877e+01 1.66240e-44
1.45211e+01 1.64606e-44
1.45546e+01 1.62991e-44
1.45881e+01 1.61392e-44
1.46218e+01 1.59808e-44
1.46555e+01 1.58239e-44
1.46893e+01 1.56685e-44
1.47231e+01 1.55147e-44
1.47571e+01 1.53624e-44
1.47911e+01 1.52115e-44
1.48252e+01 1.50622e-44
1.48594e+01 1.49143e-44
1.48936e+01 1.47678e-44
1.49279e+01 1.46229e-44
1.49624e+01 1.44791e-44
1.49968e+01 1.43369e-44
1.50314e+01 1.41960e-44
1.50661e+01 1.40565e-44
1.51008e+01 1.39183e-44
1.51356e+01 1.37816e-44
1.51705e+01 1.36462e-44
1.52055e+01 1.35122e-44
1.52405e+01 1.33793e-44
1.52757e+01 1.32478e-44
1.53109e+01 1.31176e-44
1.53462e+01 1.29885e-44
1.53815e+01 1.28607e-44
1.54170e+01 1.27342e-44
1.54525e+01 1.26090e-44
1.54882e+01 1.24849e-44
1.55239e+01 1.23621e-44
1.55597e+01 1.22405e-44
1.55955e+01 1.21200e-44
1.56315e+01 1.20008e-44
1.56675e+01 1.18827e-44
1.57036e+01 1.17657e-44
1.57398e+01 1.16500e-44
1.57761e+01 1.15352e-44
1.58125e+01 1.14216e-44
1.58489e+01 1.13093e-44
1.58855e+01 1.11979e-44
1.59221e+01 1.10877e-44
1.59588e+01 1.09784e-44
1.59956e+01 1.08701e-44
1.60325e+01 1.07630e-44
1.60694e+01 1.06571e-44
1.61065e+01 1.05520e-44
1.61436e+01 1.04481e-44
1.61808e+01 1.03451e-44
1.62181e+01 1.02431e-44
1.62555e+01 1.01421e-44
1.62930e+01 1.00420e-44
1.63305e+01 9.94308e-45
1.63682e+01 9.84501e-45
1.64059e+01 9.74791e-45
1.64437e+01 9.65175e-45
1.64816e+01 9.55651e-45
1.65196e+01 9.46221e-45
1.65577e+01 9.36883e-45
1.65959e+01 9.27637e-45
1.66341e+01 9.18481e-45
1.66725e+01 9.09412e-45
1.67109e+01 9.00432e-45
1.67494e+01 8.91542e-45
1.67880e+01 8.82735e-45
1.68267e+01 8.74017e-45
1.68655e+01 8.65382e-45
1.69044e+01 8.56832e-45
1.69434e+01 8.48366e-45
1.69824e+01 8.39981e-45
1.70216e+01 8.31678e-45
1.70608e+01 8.23456e-45
1.71002e+01 8.15315e-45
1.71396e+01 8.07254e-45
1.71791e+01 7.99270e-45
1.72187e+01 7.91363e-45
1.72584e+01 7.83535e-45
1.72982e+01 7.75782e-45
1.73380e+01 7.68107e-45
1.73780e+01 7.60504e-45
1.74181e+01 7.52976e-45
1.74582e+01 7.45522e-45
1.74985e+01 7.38140e-45
1.75388e+01 7.30830e-45
1.75792e+01 7.23592e-45
1.76198e+01 7.16425e-45
1.76604e+01 7.09326e-45
1.77011e+01 7.02298e-45
1.77419e+01 6.95338e-45
1.77828e+01 6.88445e-45
1.78238e+01 6.81620e-45
1.78649e+01 6.74862e-45
1.79061e+01 6.68171e-45
1.79473e+01 6.61543e-45
1.79887e+01 6.54981e-45
1.80302e+01 6.48482e-45
1.80717e+01 6.42046e-45
1.81134e+01 6.35675e-45
1.81552e+01 6.29365e-45
1.81970e+01 6.23116e-45
1.82390e+01 6.16929e-45
1.82810e+01 6.10802e-45
1.83231e+01 6.04735e-45
1.83654e+01 5.98726e-45
1.84077e+01 5.92777e-45
1.84502e+01 5.86886e-45
1.84927e+01 5.81053e-45
1.85353e+01 5.75275e-45
1.85780e+01 5.69554e-45
1.86209e+01 5.63890e-45
1.86638e+01 5.58281e-45
1.87068e+01 5.52727e-45
1.87499e+01 5.47226e-45
1.87932e+01 5.41780e-45
1.88365e+01 5.36386e-45
1.88799e+01 5.31046e-45
1.89234e+01 5.25758e-45
1.89671e+01 5.20522e-45
1.90108e+01 5.15336e-45
1.90546e+01 5.10200e-45
1.90985e+01 5.05116e-45
1.91426e+01 5.00081e-45
1.91867e+01 4.95095e-45
1.92309e+01 4.90158e-45
1.92752e+01 4.85270e-45
1.93197e+01 4.80429e-45
1.93642e+01 4.75635e-45
1.94089e+01 4.70888e-45
1.94536e+01 4.66189e-45
1.94984e+01 4.61534e-45
1.95434e+01 4.56925e-45
1.95884e+01 4.52361e-45
1.96336e+01 4.47842e-45
1.96789e+01 4.43368e-45
1.97242e+01 4.38937e-45
1.97697e+01 4.34549e-45
1.98153e+01 4.30203e-45
1.98609e+01 4.25902e-45
1.99067e+01 4.21641e-45
1.99526e+01 4.17423e-45
1.99986e+01 4.13246e-45
2.00447e+01 4.09110e-45
2.00909e+01 4.05014e-45
2.01372e+01 4.00959e-45
2.01837e+01 3.96943e-45
2.02302e+01 3.92966e-45
2.02768e+01 3.89028e-45
2.03236e+01 3.85129e-45
2.03704e+01 3.81268e-45
2.04174e+01 3.77446e-45
2.04644e+01 3.73660e-45
2.05116e+01 3.69912e-45
2.05589e+01 3.66199e-45
2.06063e+01 3.62524e-45
2.06538e+01 3.58885e-45
2.07014e+01 3.55282e-45
2.07491e+01 3.51713e-45
2.07970e+01 3.48180e-45
2.08449e+01 3.44682e-45
2.08930e+01 3.41217e-45
2.09411e+01 3.37786e-45
2.09894e+01 3.34390e-45
2.10378e+01 3.31026e-45
2.10863e+01 3.27697e-45
2.11349e+01 3.24399e-45
2.11836e+01 3.21133e-45
2.12324e+01 3.17900e-45
2.12814e+01 3.14699e-45
2.13304e+01 3.11529e-45
2.13796e+01 3.08389e-45
2.14289e+01 3.05282e-45
2.14783e+01 3.02204e-45
2.15278e+01 2.99156e-45
2.15774e+01 2.96139e-45
2.16272e+01 2.93152e-45
2.16770e+01 2.90193e-45
2.17270e+01 2.87264e-45
2.17771e+01 2.84363e-45
2.18273e+01 2.81492e-45
2.18776e+01 2.78648e-45
2.19280e+01 2.75832e-45
2.19786e+01 2.73044e-45
2.20293e+01 2.70284e-45
2.20800e+01 2.67550e-45
2.21309e+01 2.64843e-45
2.21820e+01 2.62163e-45
2.22331e+01 2.59510e-45
2.22844e+01 2.56882e-45
2.23357e+01 2.54280e-45
2.23872e+01 2.51704e-45
2.24388e+01 2.49154e-45
2.24905e+01 2.46628e-45
2.25424e+01 2.44128e-45
2.25944e+01 2.41652e-45
2.26464e+01 2.39200e-45
2.26986e+01 2.36773e-45
2.27510e+01 2.34369e-45
2.28034e+01 2.31990e-45
2.28560e+01 2.29633e-45
2.29087e+01 2.27300e-45
2.29615e+01 2.24990e-45
2.30144e+01 2.22702e-45
2.30675e+01 2.20438e-45
2.31206e+01 2.18195e-45
2.31739e+01 2.15975e-45
2.32274e+01 2.13777e-45
2.32809e+01 2.11600e-45
2.33346e+01 2.09444e-45
2.33884e+01 2.07311e-45
2.34423e+01 2.05198e-45
2.34963e+01 2.03106e-45
2.35505e+01 2.01035e-45
2.36048e+01 1.98984e-45
2.36592e+01 1.96953e-45
2.37137e+01 1.94943e-45
2.37684e+01 1.92952e-45
2.38232e+01 1.90981e-45
2.38781e+01 1.89030e-45
2.39332e+01 1.87098e-45
2.39883e+01 1.85185e-45
2.40436e+01 1.83291e-45
2.40991e+01 1.81416e-45
2.41546e+01 1.79559e-45
2.42103e+01 1.77720e-45
2.42661e+01 1.75901e-45
2.43220e+01 1.74098e-45
2.43781e+01 1.72314e-45
2.44343e+01 1.70548e-45
2.44906e+01 1.68799e-45
2.45471e+01 1.67067e-45
2.46037e+01 1.65352e-45
2.46604e+01 1.63654e-45
2.47172e+01 1.61974e-45
2.47742e+01 1.60310e-45
2.48313e+01 1.58662e-45
2.48886e+01 1.57031e-45
2.49459e+01 1.55416e-45
2.50035e+01 1.53817e-45
2.50611e+01 1.52234e-45
2.51189e+01 1.50667e-45
2.51768e+01 1.49115e-45
2.52348e+01 1.47578e-45
2.52930e+01 1.46058e-45
2.53513e+01 1.44551e-45
2.54097e+01 1.43060e-45
2.54683e+01 1.41584e-45
2.55270e+01 1.40123e-45
2.55859e+01 1.38676e-45
2.56448e+01 1.37244e-45
2.57040e+01 1.35825e-45
2.57632e+01 1.34420e-45
2.58226e+01 1.33031e-45
2.58821e+01 1.31654e-45
2.59418e+01 1.30291e-45
2.60016e+01 1.28943e-45
2.60615e+01 1.27607e-45
2.61216e+01 1.26285e-45
2.61818e+01 1.24976e-45
2.62422e+01 1.23680e-45
2.63027e+01 1.22396e-45
2.63633e+01 1.21126e-45
2.64241e+01 1.19869e-45
2.64850e+01 1.18624e-45
2.65461e+01 1.17391e-45
2.66073e+01 1.16171e-45
2.66686e+01 1.14962e-45
2.67301e+01 1.13767e-45
2.67917e+01 1.12582e-45
2.68534e+01 1.11410e-45
2.69153e+01 1.10250e-45
2.69774e+01 1.09101e-45
2.70396e+01 1.07964e-45
2.71019e+01 1.06837e-45
2.71644e+01 1.05723e-45
2.72270e+01 1.04619e-45
2.72898e+01 1.03527e-45
2.73527e+01 1.02445e-45
2.74157e+01 1.01375e-45
2.74789e+01 1.00315e-45
2.75423e+01 9.92653e-46
2.76058e+01 9.82265e-46
2.76694e+01 9.71980e-46
2.77332e+01 9.61800e-46
2.77971e+01 9.51723e-46
2.78612e+01 9.41741e-46
2.79254e+01 9.31867e-46
2.79898e+01 9.22088e-46
2.80543e+01 9.12408e-46
2.81190e+01 9.02828e-46
2.81838e+01 8.93340e-46
2.82488e+01 8.83950e-46
2.83139e+01 8.74651e-46
2.83792e+01 8.65448e-46
2.84446e+01 8.56341e-46
2.85102e+01 8.47322e-46
2.85759e+01 8.38398e-46
2.86418e+01 8.29561e-46
2.87078e+01 8.20811e-46
2.87740e+01 8.12153e-46
2.88403e+01 8.03581e-46
2.89068e+01 7.95093e-46
2.89734e+01 7.86696e-46
2.90402e+01 7.78377e-46
2.91072e+01 7.70146e-46
2.91743e+01 7.61997e-46
2.92415e+01 7.53931e-46
2.93089e+01 7.45951e-46
2.93765e+01 7.38046e-46
2.94442e+01 7.30221e-46
2.95121e+01 7.22475e-46
2.95801e+01 7.14814e-46
2.96483e+01 7.07225e-46
2.97167e+01 6.99714e-46
2.97852e+01 6.92274e-46
2.98538e+01 6.84916e-46
2.99226e+01 6.77634e-46
2.99916e+01 6.70422e-46
3.00608e+01 6.63284e-46
3.01301e+01 6.56215e-46
3.01995e+01 6.49220e-46
3.02691e+01 6.42298e-46
3.03389e+01 6.35448e-46
3.04089e+01 6.28665e-46
3.04789e+01 6.21949e-46
3.05492e+01 6.15308e-46
3.06196e+01 6.08727e-46
3.06902e+01 6.02217e-46
3.07610e+01 5.95775e-46
3.08319e+01 5.89392e-46
3.09030e+01 5.83078e-46
3.09742e+01 5.76831e-46
3.10456e+01 5.70646e-46
3.11172e+01 5.64523e-46
3.11889e+01 5.58462e-46
3.12608e+01 5.52466e-46
3.13329e+01 5.46526e-46
3.14051e+01 5.40651e-46
3.14775e+01 5.34835e-46
3.15500e+01 5.29078e-46
3.16228e+01 5.23380e-46
3.16957e+01 5.17740e-46
3.17687e+01 5.12162e-46
3.18420e+01 5.06637e-46
3.19154e+01 5.01169e-46
3.19890e+01 4.95757e-46
3.20627e+01 4.90401e-46
3.21366e+01 4.85101e-46
3.22107e+01 4.79855e-46
3.22849e+01 4.74660e-46
3.23594e+01 4.69520e-46
3.24340e+01 4.64433e-46
3.25087e+01 4.59399e-46
3.25837e+01 4.54419e-46
3.26588e+01 4.49487e-46
3.27341e+01 4.44607e-46
3.28095e+01 4.39779e-46
3.28852e+01 4.34998e-46
3.29610e+01 4.30264e-46
3.30370e+01 4.25585e-46
3.31131e+01 4.20951e-46
3.31894e+01 4.16364e-46
3.32660e+01 4.11826e-46
3.33426e+01 4.07333e-46
3.34195e+01 4.02889e-46
3.34965e+01 3.98489e-46
3.35738e+01 3.94138e-46
3.36512e+01 3.89826e-46
3.37287e+01 3.85565e-46
3.38065e+01 3.81343e-46
3.38844e+01 3.77167e-46
3.39625e+01 3.73034e-46
3.40408e+01 3.68947e-46
3.41193e+01 3.64898e-46
3.41979e+01 3.60894e-46
3.42768e+01 3.56930e-46
3.43558e+01 3.53008e-46
3.44350e+01 3.49125e-46
3.45144e+01 3.45287e-46
3.45939e+01 3.41485e-46
3.46737e+01 3.37725e-46
3.47536e+01 3.34001e-46
3.48337e+01 3.30320e-46
3.49140e+01 3.26673e-46
3.49945e+01 3.23068e-46
3.50752e+01 3.19498e-46
3.51560e+01 3.15965e-46
3.52371e+01 3.12473e-46
3.53183e+01 3.09014e-46
3.53997e+01 3.05592e-46
3.54813e+01 3.02207e-46
3.55631e+01 2.98854e-46
3.56451e+01 2.95541e-46
3.57273e+01 2.92260e-46
3.58096e+01 2.89014e-46
3.58922e+01 2.85803e-46
3.59749e+01 2.82623e-46
3.60579e+01 2.79478e-46
3.61410e+01 2.76367e-46
3.62243e+01 2.73287e-46
3.63078e+01 2.70241e-46
3.63915e+01 2.67228e-46
3.64754e+01 2.64245e-46
3.65595e+01 2.61294e-46
3.66438e+01 2.58373e-46
3.67282e+01 2.55485e-46
3.68129e+01 2.52629e-46
3.68978e+01 2.49798e-46
3.69828e+01 2.47002e-46
3.70681e+01 2.44234e-46
3.71535e+01 2.41495e-46
3.72392e+01 2.38783e-46
3.73250e+01 2.36102e-46
3.74111e+01 2.33451e-46
3.74973e+01 2.30824e-46
3.75837e+01 2.28227e-46
3.76704e+01 2.25660e-46
3.77572e+01 2.23120e-46
3.78443e+01 2.20603e-46
3.79315e+01 2.18117e-46
3.80189e+01 2.15655e-46
3.81066e+01 2.13221e-46
3.81944e+01 2.10813e-46
3.82825e+01 2.08430e-46
3.83707e+01 2.06072e-46
3.84592e+01 2.03739e-46
3.85478e+01 2.01433e-46
3.86367e+01 1.99149e-46
3.87258e+01 1.96891e-46
3.88150e+01 1.94658e-46
3.89045e+01 1.92449e-46
3.89942e+01 1.90263e-46
3.90841e+01 1.88098e-46
3.91742e+01 1.85960e-46
3.92645e+01 1.83844e-46
3.93550e+01 1.81751e-46
3.94457e+01 1.79681e-46
3.95367e+01 1.77633e-46
3.96278e+01 1.75605e-46
3.97192e+01 1.73602e-46
3.98107e+01 1.71620e-46
3.99025e+01 1.69658e-46
3.99945e+01 1.67718e-46
4.00867e+01 1.65799e-46
4.01791e+01 1.63901e-46
4.02717e+01 1.62025e-46
4.03645e+01 1.60169e-46
4.04576e+01 1.58332e-46
4.05509e+01 1.56515e-46
4.06443e+01 1.54719e-46
4.07380e+01 1.52940e-46
4.08319e+01 1.51184e-46
4.09261e+01 1.49446e-46
4.10204e+01 1.47725e-46
4.11150e+01 1.46025e-46
4.12098e+01 1.44343e-46
4.13048e+01 1.42678e-46
4.14000e+01 1.41035e-46
4.14954e+01 1.39405e-46
4.15911e+01 1.37797e-46
4.16869e+01 1.36205e-46
4.17830e+01 1.34632e-46
4.18794e+01 1.33075e-46
4.19759e+01 1.31536e-46
4.20727e+01 1.30012e-46
4.21697e+01 1.28507e-46
4.22669e+01 1.27017e-46
4.23643e+01 1.25545e-46
4.24620e+01 1.24088e-46
4.25598e+01 1.22649e-46
4.26580e+01 1.21225e-46
4.27563e+01 1.19815e-46
4.28549e+01 1.18422e-46
4.29536e+01 1.17046e-46
4.30527e+01 1.15683e-46
4.31519e+01 1.14338e-46
4.32514e+01 1.13005e-46
4.33511e+01 1.11689e-46
4.34510e+01 1.10387e-46
4.35512e+01 1.09100e-46
4.36516e+01 1.07827e-46
4.37522e+01 1.06568e-46
4.38531e+01 1.05323e-46
4.39542e+01 1.04093e-46
4.40555e+01 1.02876e-46
4.41570e+01 1.01673e-46
4.42588e+01 1.00483e-46
4.43609e+01 9.93074e-47
4.44631e+01 9.81447e-47
4.45656e+01 9.69951e-47
4.46684e+01 9.58584e-47
4.47713e+01 9.47348e-47
4.48745e+01 9.36238e-47
4.49780e+01 9.25254e-47
4.50817e+01 9.14395e-47
4.51856e+01 9.03659e-47
4.52898e+01 8.93048e-47
4.53942e+01 8.82555e-47
4.54988e+01 8.72182e-47
4.56037e+01 8.61930e-47
4.57088e+01 8.51794e-47
4.58142e+01 8.41773e-47
4.59198e+01 8.31868e-47
4.60257e+01 8.22078e-47
4.61318e+01 8.12398e-47
4.62381e+01 8.02830e-47
4.63447e+01 7.93373e-47
4.64515e+01 7.84025e-47
4.65586e+01 7.74785e-47
4.66659e+01 7.65651e-47
4.67735e+01 7.56623e-47
4.68813e+01 7.47701e-47
4.69894e+01 7.38881e-47
4.70977e+01 7.30163e-47
4.72063e+01 7.21548e-47
4.73151e+01 7.13032e-47
4.74242e+01 7.04616e-47
4.75335e+01 6.96298e-47
4.76431e+01 6.88077e-47
4.77529e+01 6.79952e-47
4.78630e+01 6.71923e-47
4.79733e+01 6.63989e-47
4.80839e+01 6.56147e-47
4.81948e+01 6.48397e-47
4.83059e+01 6.40738e-47
4.84172e+01 6.33170e-47
4.85289e+01 6.25690e-47
4.86407e+01 6.18301e-47
4.87528e+01 6.10997e-47
4.88652e+01 6.03782e-47
4.89779e+01 5.96650e-47
4.90908e+01 5.89604e-47
4.92040e+01 5.82642e-47
4.93174e+01 5.75764e-47
4.94311e+01 5.68965e-47
4.95450e+01 5.62251e-47
4.96592e+01 5.55615e-47
4.97737e+01 5.49059e-47
4.98884e+01 5.42583e-47
5.00035e+01 5.36183e-47
5.01187e+01 5.29860e-47
5.02343e+01 5.23614e-47
5.03501e+01 5.17443e-47
5.04661e+01 5.11347e-47
5.05825e+01 5.05325e-47
5.06991e+01 4.99375e-47
5.08159e+01 4.93499e-47
5.09331e+01 4.87693e-47
5.10505e+01 4.81958e-47
5.11682e+01 4.76293e-47
5.12861e+01 4.70698e-47
5.14044e+01 4.65170e-47
5.15229e+01 4.59711e-47
5.16416e+01 4.54318e-47
5.17607e+01 4.48992e-47
5.18800e+01 4.43732e-47
5.19996e+01 4.38535e-47
5.21195e+01 4.33405e-47
5.22396e+01 4.28336e-47
5.23600e+01 4.23331e-47
5.24807e+01 4.18388e-47
5.26017e+01 4.13507e-47
5.27230e+01 4.08685e-47
5.28445e+01 4.03925e-47
5.29663e+01 3.99224e-47
5.30884e+01 3.94581e-47
5.32108e+01 3.89998e-47
5.33335e+01 3.85471e-47
5.34564e+01 3.81001e-47
5.35797e+01 3.76588e-47
5.37032e+01 3.72231e-47
5.38270e+01 3.67928e-47
5.39511e+01 3.63681e-47
5.40754e+01 3.59488e-47
5.42001e+01 3.55347e-47
5.43250e+01 3.51259e-47
5.44503e+01 3.47224e-47
5.45758e+01 3.43240e-47
5.47016e+01 3.39307e-47
5.48277e+01 3.35425e-47
5.49541e+01 3.31592e-47
5.50808e+01 3.27809e-47
5.52077e+01 3.24075e-47
5.53350e+01 3.20390e-47
5.54626e+01 3.16752e-47
5.55904e+01 3.13161e-47
5.57186e+01 3.09617e-47
5.58470e+01 3.06119e-47
5.59758e+01 3.02667e-47
5.61048e+01 2.99260e-47
5.62341e+01 2.95898e-47
5.63638e+01 2.92580e-47
5.64937e+01 2.89306e-47
5.66239e+01 2.86075e-47
5.67545e+01 2.82887e-47
5.68853e+01 2.79742e-47
5.70164e+01 2.76637e-47
5.71479e+01 2.73574e-47
5.72796e+01 2.70553e-47
5.74116e+01 2.67571e-47
5.75440e+01 2.64630e-47
5.76766e+01 2.61727e-47
5.78096e+01 2.58865e-47
5.79429e+01 2.56041e-47
5.80764e+01 2.53255e-47
5.82103e+01 2.50507e-47
5.83445e+01 2.47796e-47
5.84790e+01 2.45122e-47
5.86138e+01 2.42484e-47
5.87489e+01 2.39883e-47
5.88844e+01 2.37318e-47
5.90201e+01 2.34788e-47
5.91562e+01 2.32292e-47
5.92925e+01 2.29832e-47
5.94292e+01 2.27405e-47
5.95662e+01 2.25012e-47
5.97035e+01 2.22653e-47
5.98412e+01 2.20326e-47
5.99791e+01 2.18032e-47
6.01174e+01 2.15770e-47
6.02560e+01 2.13539e-47
6.03949e+01 2.11341e-47
6.05341e+01 2.09174e-47
6.06736e+01 2.07037e-47
6.08135e+01 2.04930e-47
6.09537e+01 2.02854e-47
6.10942e+01 2.00808e-47
6.12350e+01 1.98790e-47
6.13762e+01 1.96802e-47
6.15177e+01 1.94843e-47
6.16595e+01 1.92912e-47
6.18016e+01 1.91008e-47
6.19441e+01 1.89133e-47
6.20869e+01 1.87285e-47
6.22300e+01 1.85464e-47
6.23735e+01 1.83670e-47
6.25173e+01 1.81901e-47
6.26614e+01 1.80160e-47
6.28058e+01 1.78444e-47
6.29506e+01 1.76754e-47
6.30957e+01 1.75088e-47
6.32412e+01 1.73448e-47
6.33870e+01 1.71832e-47
6.35331e+01 1.70240e-47
6.36796e+01 1.68674e-47
6.38263e+01 1.67130e-47
6.39735e+01 1.65609e-47
6.41210e+01 1.64112e-47
6.42688e+01 1.62639e-47
6.44169e+01 1.61187e-47
6.45654e+01 1.59758e-47
6.47143e+01 1.58351e-47
6.48634e+01 1.56966e-47
6.50130e+01 1.55602e-47
6.51628e+01 1.54260e-47
6.53131e+01 1.52939e-47
6.54636e+01 1.51639e-47
6.56145e+01 1.50359e-47
6.57658e+01 1.49099e-47
6.59174e+01 1.47859e-47
6.60693e+01 1.46639e-47
6.62217e+01 1.45439e-47
6.63743e+01 1.44259e-47
6.65273e+01 1.43097e-47
6.66807e+01 1.41954e-47
6.68344e+01 1.40830e-47
6.69885e+01 1.39724e-47
6.71429e+01 1.38636e-47
6.72977e+01 1.37566e-47
6.74528e+01 1.36515e-47
6.76083e+01 1.35480e-47
6.77642e+01 1.34462e-47
6.79204e+01 1.33462e-47
6.80769e+01 1.32479e-47
6.82339e+01 1.31512e-47
6.83912e+01 1.30562e-47
6.85488e+01 1.29628e-47
6.87068e+01 1.28710e-47
6.88652e+01 1.27808e-47
6.90240e+01 1.26922e-47
6.91831e+01 1.26051e-47
6.93426e+01 1.25195e-47
6.95024e+01 1.24354e-47
6.96627e+01 1.23528e-47
6.98232e+01 1.22716e-47
6.99842e+01 1.21920e-47
7.01455e+01 1.21137e-47
7.03072e+01 1.20369e-47
7.04693e+01 1.19614e-47
7.06318e+01 1.18874e-47
7.07946e+01 1.18147e-47
7.09578e+01 1.17433e-47
7.11214e+01 1.16732e-47
7.12853e+01 1.16044e-47
7.14496e+01 1.15370e-47
7.16143e+01 1.14708e-47
7.17794e+01 1.14059e-47
7.19449e+01 1.13422e-47
7.21107e+01 1.12797e-47
7.22770e+01 1.12184e-47
7.24436e+01 1.11583e-47
7.26106e+01 1.10994e-47
7.27780e+01 1.10417e-47
7.29458e+01 1.09850e-47
7.31139e+01 1.09296e-47
7.32825e+01 1.08752e-47
7.34514e+01 1.08219e-47
7.36207e+01 1.07698e-47
7.37904e+01 1.07186e-47
7.39605e+01 1.06686e-47
7.41310e+01 1.06196e-47
7.43019e+01 1.05715e-47
7.44732e+01 1.05246e-47
7.46449e+01 1.04786e-47
7.48170e+01 1.04335e-47
7.49894e+01 1.03895e-47
7.51623e+01 1.03465e-47
7.53356e+01 1.03043e-47
7.55092e+01 1.02631e-47
7.56833e+01 1.02229e-47
7.58578e+01 1.01834e-47
7.60326e+01 1.01450e-47
7.62079e+01 1.01074e-47
7.63836e+01 1.00706e-47
7.65597e+01 1.00347e-47
7.67361e+01 9.99970e-48
7.69130e+01 9.96551e-48
7.70903e+01 9.93208e-48
7.72681e+01 9.89952e-48
7.74462e+01 9.86777e-48
7.76247e+01 9.83675e-48
7.78037e+01 9.80654e-48
7.79830e+01 9.77707e-48
7.81628e+01 9.74832e-48
7.83430e+01 9.72037e-48
7.85236e+01 9.69314e-48
7.87046e+01 9.66663e-48
7.88860e+01 9.64084e-48
7.90679e+01 9.61570e-48
7.92501e+01 9.59129e-48
7.94328e+01 9.56758e-48
7.96159e+01 9.54445e-48
7.97995e+01 9.52204e-48
7.99834e+01 9.50033e-48
8.01678e+01 9.47919e-48
8.03526e+01 9.45870e-48
8.05378e+01 9.43878e-48
8.07235e+01 9.41956e-48
8.09096e+01 9.40085e-48
8.10961e+01 9.38277e-48
8.12831e+01 9.36531e-48
8.14704e+01 9.34837e-48
8.16582e+01 9.33205e-48
8.18465e+01 9.31623e-48
8.20352e+01 9.30098e-48
8.22243e+01 9.28628e-48
8.24138e+01 9.27215e-48
8.26038e+01 9.25845e-48
8.27942e+01 9.24531e-48
8.29851e+01 9.23273e-48
8.31764e+01 9.22058e-48
8.33681e+01 9.20892e-48
8.35603e+01 9.19782e-48
8.37529e+01 9.18708e-48
8.39460e+01 9.17690e-48
8.41395e+01 9.16715e-48
8.43335e+01 9.15783e-48
8.45279e+01 9.14899e-48
8.47227e+01 9.14058e-48
8.49180e+01 9.13260e-48
8.51138e+01 9.12505e-48
8.53100e+01 9.11792e-48
8.55067e+01 9.11116e-48
8.57038e+01 9.10482e-48
8.59014e+01 9.09891e-48
8.60994e+01 9.09336e-48
8.62979e+01 9.08824e-48
8.64968e+01 9.08347e-48
8.66962e+01 9.07901e-48
8.68960e+01 9.07498e-48
8.70964e+01 9.07130e-48
8.72971e+01 9.06799e-48
8.74984e+01 9.06504e-48
8.77001e+01 9.06239e-48
8.79023e+01 9.06004e-48
8.81049e+01 9.05811e-48
8.83080e+01 9.05643e-48
8.85116e+01 9.05510e-48
8.87156e+01 9.05408e-48
8.89201e+01 9.05336e-48
8.91251e+01 9.05294e-48
8.93305e+01 9.05282e-48
8.95365e+01 9.05300e-48
8.97429e+01 9.05348e-48
8.99498e+01 9.05420e-48
9.01571e+01 9.05522e-48
9.03649e+01 9.05655e-48
9.05733e+01 9.05805e-48
9.07821e+01 9.05992e-48
9.09913e+01 9.06197e-48
9.12011e+01 9.06431e-48
9.14113e+01 9.06690e-48
9.16220e+01 9.06967e-48
9.18333e+01 9.07275e-48
9.20450e+01 9.07606e-48
9.22571e+01 9.07956e-48
9.24698e+01 9.08329e-48
9.26830e+01 9.08727e-48
9.28966e+01 9.09149e-48
9.31108e+01 9.09589e-48
9.33254e+01 9.10048e-48
9.35406e+01 9.10531e-48
9.37562e+01 9.11032e-48
9.39723e+01 9.11557e-48
9.41890e+01 9.12100e-48
9.44061e+01 9.12656e-48
9.46237e+01 9.13236e-48
9.48418e+01 9.13835e-48
9.50605e+01 9.14452e-48
9.52796e+01 9.15087e-48
9.54993e+01 9.15740e-48
9.57194e+01 9.16406e-48
9.59401e+01 9.17090e-48
9.61612e+01 9.17793e-48
9.63829e+01 9.18514e-48
9.66051e+01 9.19248e-48
9.68278e+01 9.20000e-48
9.70510e+01 9.20764e-48
9.72747e+01 9.21541e-48
9.74990e+01 9.22337e-48
9.77237e+01 9.23151e-48
9.79490e+01 9.23972e-48
9.81748e+01 9.24811e-48
9.84011e+01 9.25662e-48
9.86279e+01 9.26533e-48
9.88553e+01 9.27410e-48
9.90832e+01 9.28305e-48
9.93116e+01 9.29207e-48
9.95405e+01 9.30128e-48
9.97700e+01 9.31061e-48
1.00000e+02 9.32002e-48
1.00231e+02 9.32960e-48
1.00462e+02 9.33926e-48
1.00693e+02 9.34904e-48
1.00925e+02 9.35895e-48
1.01158e+02 9.36899e-48
1.01391e+02 9.37915e-48
1.01625e+02 9.38938e-48
1.01859e+02 9.39974e-48
1.02094e+02 9.41023e-48
1.02329e+02 9.42079e-48
1.02565e+02 9.43147e-48
1.02802e+02 9.44228e-48
1.03039e+02 9.45317e-48
1.03276e+02 9.46418e-48
1.03514e+02 9.47532e-48
1.03753e+02 9.48652e-48
1.03992e+02 9.49780e-48
1.04232e+02 9.50921e-48
1.04472e+02 9.52074e-48
1.04713e+02 9.53235e-48
1.04954e+02 9.54408e-48
1.05196e+02 9.55589e-48
1.05439e+02 9.56776e-48
1.05682e+02 9.57977e-48
1.05925e+02 9.59190e-48
1.06170e+02 9.60411e-48
1.06414e+02 9.61639e-48
1.06660e+02 9.62880e-48
1.06905e+02 9.64127e-48
1.07152e+02 9.65388e-48
1.07399e+02 9.66656e-48
1.07647e+02 9.67938e-48
1.07895e+02 9.69226e-48
1.08143e+02 9.70528e-48
1.08393e+02 9.71837e-48
1.08643e+02 9.73159e-48
1.08893e+02 9.74489e-48
1.09144e+02 9.75831e-48
1.09396e+02 9.77181e-48
1.09648e+02 9.78545e-48
1.09901e+02 9.79922e-48
1.10154e+02 9.81306e-48
1.10408e+02 9.82703e-48
1.10662e+02 9.84108e-48
1.10917e+02 9.85533e-48
1.11173e+02 9.86965e-48
1.11429e+02 9.88404e-48
1.11686e+02 9.89864e-48
1.11944e+02 9.91330e-48
1.12202e+02 9.92811e-48
1.12460e+02 9.94305e-48
1.12720e+02 9.95819e-48
1.12980e+02 9.97341e-48
1.13240e+02 9.98876e-48
1.13501e+02 1.00043e-47
1.13763e+02 1.00199e-47
1.14025e+02 1.00357e-47
1.14288e+02 1.00517e-47
1.14551e+02 1.00679e-47
1.14815e+02 1.00841e-47
1.15080e+02 1.01006e-47
1.15345e+02 1.01172e-47
1.15611e+02 1.01341e-47
1.15878e+02 1.01511e-47
1.16145e+02 1.01683e-47
1.16413e+02 1.01857e-47
1.16681e+02 1.02034e-47
1.16950e+02 1.02212e-47
1.17220e+02 1.02393e-47
1.17490e+02 1.02575e-47
1.17761e+02 1.02761e-47
1.18032e+02 1.02949e-47
1.18304e+02 1.03139e-47
1.18577e+02 1.03331e-47
1.18850e+02 1.03527e-47
1.19124e+02 1.03725e-47
1.19399e+02 1.03927e-47
1.19674e+02 1.04131e-47
1.19950e+02 1.04339e-47
1.20226e+02 1.04549e-47
1.20504e+02 1.04764e-47
1.20781e+02 1.04982e-47
1.21060e+02 1.05203e-47
1.21339e+02 1.05429e-47
1.21619e+02 1.05658e-47
1.21899e+02 1.05891e-47
1.22180e+02 1.06129e-47
1.22462e+02 1.06371e-47
1.22744e+02 1.06619e-47
1.23027e+02 1.06870e-47
1.23310e+02 1.07127e-47
1.23595e+02 1.07389e-47
1.23880e+02 1.07657e-47
1.24165e+02 1.07931e-47
1.24451e+02 1.08211e-47
1.24738e+02 1.08497e-47
1.25026e+02 1.08790e-47
1.25314e+02 1.09090e-47
1.25603e+02 1.09397e-47
1.25893e+02 1.09711e-47
1.26183e+02 1.10034e-47
1.26474e+02 1.10365e-47
1.26765e+02 1.10705e-47
1.27057e+02 1.11054e-47
1.27350e+02 1.11412e-47
1.27644e+02 1.11781e-47
1.27938e+02 1.12160e-47
1.28233e+02 1.12551e-47
1.28529e+02 1.12953e-47
1.28825e+02 1.13368e-47
1.29122e+02 1.13796e-47
1.29420e+02 1.14238e-47
1.29718e+02 1.14695e-47
1.30017e+02 1.15166e-47
1.30317e+02 1.15654e-47
1.30617e+02 1.16160e-47
1.30918e+02 1.16682e-47
1.31220e+02 1.17225e-47
1.31522e+02 1.17788e-47
1.31826e+02 1.18373e-47
1.32130e+02 1.18980e-47
1.32434e+02 1.19612e-47
1.32739e+02 1.20270e-47
1.33045e+02 1.20956e-47
1.33352e+02 1.21671e-47
1.33660e+02 1.22417e-47
1.33968e+02 1.23197e-47
1.34276e+02 1.24012e-47
1.34586e+02 1.24867e-47
1.34896e+02 1.25762e-47
1.35207e+02 1.26701e-47
1.35519e+02 1.27687e-47
1.35831e+02 1.28725e-47
1.36144e+02 1.29817e-47
1.36458e+02 1.30968e-47
1.36773e+02 1.32182e-47
1.37088e+02 1.33467e-47
1.37404e+02 1.34826e-47
1.37721e+02 1.36266e-47
1.38038e+02 1.37794e-47
1.38357e+02 1.39419e-47
1.38676e+02 1.41148e-47
1.38995e+02 1.42992e-47
1.39316e+02 1.44962e-47
1.39637e+02 1.47071e-47
1.39959e+02 1.49331e-47
1.40281e+02 1.51759e-47
1.40605e+02 1.54374e-47
1.40929e+02 1.57194e-47
1.41254e+02 1.60243e-47
1.41579e+02 1.63549e-47
1.41906e+02 1.67142e-47
1.42233e+02 1.71056e-47
1.42561e+02 1.75333e-47
1.42889e+02 1.80022e-47
1.43219e+02 1.85178e-47
1.43549e+02 1.90867e-47
1.43880e+02 1.97167e-47
1.44212e+02 2.04173e-47
1.44544e+02 2.11996e-47
1.44877e+02 2.20770e-47
1.45211e+02 2.30663e-47
1.45546e+02 2.41874e-47
1.45881e+02 2.54655e-47
1.46218e+02 2.69319e-47
1.46555e+02 2.86264e-47
1.46893e+02 3.05993e-47
1.47231e+02 3.29164e-47
1.47571e+02 3.56639e-47
1.47911e+02 3.89571e-47
1.48252e+02 4.29527e-47
1.48594e+02 4.78683e-47
1.48936e+02 5.40132e-47
1.49279e+02 6.18395e-47
1.49624e+02 7.20282e-47
1.49968e+02 8.56456e-47
1.50314e+02 1.04438e-46
1.50661e+02 1.31428e-46
1.51008e+02 1.72224e-46
1.51356e+02 2.38227e-46
1.51705e+02 3.55628e-46
1.52055e+02 5.96317e-46
1.52405e+02 1.22237e-45
1.52757e+02 3.89080e-45
1.53109e+02 9.21335e-44
1.53462e+02 1.09652e-44
1.53815e+02 1.98619e-45
1.54170e+02 8.02215e-46
1.54525e+02 4.32407e-46
1.54882e+02 2.71182e-46
1.55239e+02 1.86869e-46
1.55597e+02 1.37382e-46
1.55955e+02 1.05917e-46
1.56315e+02 8.46956e-47
1.56675e+02 6.97237e-47
1.57036e+02 5.87769e-47
1.57398e+02 5.05377e-47
1.57761e+02 4.41859e-47
1.58125e+02 3.91896e-47
1.58489e+02 3.51911e-47
1.58855e+02 3.19435e-47
1.59221e+02 2.92715e-47
1.59588e+02 2.70477e-47
1.59956e+02 2.51784e-47
1.60325e+02 2.35929e-47
1.60694e+02 2.22373e-47
1.61065e+02 2.10696e-47
1.61436e+02 2.00573e-47
1.61808e+02 1.91745e-47
1.62181e+02 1.84003e-47
1.62555e+02 1.77180e-47
1.62930e+02 1.71139e-47
1.63305e+02 1.65769e-47
1.63682e+02 1.60974e-47
1.64059e+02 1.56680e-47
1.64437e+02 1.52820e-47
1.64816e+02 1.49339e-47
1.65196e+02 1.46192e-47
1.65577e+02 1.43339e-47
1.65959e+02 1.40745e-47
1.66341e+02 1.38382e-47
1.66725e+02 1.36224e-47
1.67109e+02 1.34249e-47
1.67494e+02 1.32439e-47
1.67880e+02 1.30777e-47
1.68267e+02 1.29248e-47
1.68655e+02 1.27840e-47
1.69044e+02 1.26540e-47
1.69434e+02 1.25339e-47
1.69824e+02 1.24229e-47
1.70216e+02 1.23200e-47
1.70608e+02 1.22247e-47
1.71002e+02 1.21362e-47
1.71396e+02 1.20540e-47
1.71791e+02 1.19776e-47
1.72187e+02 1.19066e-47
1.72584e+02 1.18405e-47
1.72982e+02 1.17789e-47
1.73380e+02 1.17215e-47
1.73780e+02 1.16681e-47
1.74181e+02 1.16182e-47
1.74582e+02 1.15718e-47
1.74985e+02 1.15284e-47
1.75388e+02 1.14880e-47
1.75792e+02 1.14503e-47
1.76198e+02 1.14151e-47
1.76604e+02 1.13823e-47
1.77011e+02 1.13518e-47
1.77419e+02 1.13234e-47
1.77828e+02 1.12969e-47
1.78238e+02 1.12723e-47
1.78649e+02 1.12495e-47
1.79061e+02 1.12283e-47
1.79473e+02 1.12086e-47
1.79887e+02 1.11904e-47
1.80302e+02 1.11736e-47
1.80717e+02 1.11582e-47
1.81134e+02 1.11440e-47
1.81552e+02 1.11310e-47
1.81970e+02 1.11190e-47
1.82390e+02 1.11082e-47
1.82810e+02 1.10984e-47
1.83231e+02 1.10896e-47
1.83654e+02 1.10816e-47
1.84077e+02 1.10747e-47
1.84502e+02 1.10685e-47
1.84927e+02 1.10631e-47
1.85353e+02 1.10586e-47
1.85780e+02 1.10547e-47
1.86209e+02 1.10516e-47
1.86638e+02 1.10492e-47
1.87068e+02 1.10474e-47
1.87499e+02 1.10463e-47
1.87932e+02 1.10458e-47
1.88365e+02 1.10459e-47
1.88799e+02 1.10466e-47
1.89234e+02 1.10478e-47
1.89671e+02 1.10496e-47
1.90108e+02 1.10519e-47
1.90546e+02 1.10547e-47
1.90985e+02 1.10580e-47
1.91426e+02 1.10617e-47
1.91867e+02 1.10659e-47
1.92309e+02 1.10706e-47
1.92752e+02 1.10757e-47
1.93197e+02 1.10813e-47
1.93642e+02 1.10872e-47
1.94089e+02 1.10936e-47
1.94536e+02 1.11004e-47
1.94984e+02 1.11076e-47
1.95434e+02 1.11151e-47
1.95884e+02 1.11230e-47
1.96336e+02 1.11313e-47
1.96789e+02 1.11399e-47
1.97242e+02 1.11489e-47
1.97697e+02 1.11583e-47
1.98153e+02 1.11679e-47
1.98609e+02 1.11779e-47
1.99067e+02 1.11883e-47
1.99526e+02 1.11990e-47
1.99986e+02 1.12100e-47
2.00447e+02 1.12213e-47
2.00909e+02 1.12329e-47
2.01372e+02 1.12449e-47
2.01837e+02 1.12571e-47
2.02302e+02 1.12697e-47
2.02768e+02 1.12825e-47
2.03236e+02 1.12956e-47
2.03704e+02 1.13091e-47
2.04174e+02 1.13228e-47
2.04644e+02 1.13368e-47
2.05116e+02 1.13512e-47
2.05589e+02 1.13657e-47
2.06063e+02 1.13806e-47
2.06538e+02 1.13958e-47
2.07014e+02 1.14112e-47
2.07491e+02 1.14270e-47
2.07970e+02 1.14429e-47
2.08449e+02 1.14592e-47
2.08930e+02 1.14758e-47
2.09411e+02 1.14926e-47
2.09894e+02 1.15097e-47
2.10378e+02 1.15271e-47
2.10863e+02 1.15447e-47
2.11349e+02 1.15627e-47
2.11836e+02 1.15808e-47
2.12324e+02 1.15993e-47
2.12814e+02 1.16180e-47
2.13304e+02 1.16370e-47
2.13796e+02 1.16562e-47
2.14289e+02 1.16758e-47
2.14783e+02 1.16956e-47
2.15278e+02 1.17156e-47
2.15774e+02 1.17360e-47
2.16272e+02 1.17566e-47
2.16770e+02 1.17775e-47
2.17270e+02 1.17986e-47
2.17771e+02 1.18201e-47
2.18273e+02 1.18417e-47
2.18776e+02 1.18637e-47
2.19280e+02 1.18859e-47
2.19786e+02 1.19084e-47
2.20293e+02 1.19312e-47
2.20800e+02 1.19542e-47
2.21309e+02 1.19775e-47
2.21820e+02 1.20010e-47
2.22331e+02 1.20249e-47
2.22844e+02 1.20490e-47
2.23357e+02 1.20735e-47
2.23872e+02 1.20982e-47
2.24388e+02 1.21231e-47
2.24905e+02 1.21483e-47
2.25424e+02 1.21738e-47
2.25944e+02 1.21996e-47
2.26464e+02 1.22257e-47
2.26986e+02 1.22520e-47
2.27510e+02 1.22786e-47
2.28034e+02 1.23056e-47
2.28560e+02 1.23327e-47
2.29087e+02 1.23602e-47
2.29615e+02 1.23880e-47
2.30144e+02 1.24160e-47
2.30675e+02 1.24444e-47
2.31206e+02 1.24730e-47
2.31739e+02 1.25020e-47
2.32274e+02 1.25312e-47
2.32809e+02 1.25606e-47
2.33346e+02 1.25904e-47
2.33884e+02 1.26205e-47
2.34423e+02 1.26509e-47
2.34963e+02 1.26816e-47
2.35505e+02 1.27126e-47
2.36048e+02 1.27438e-47
2.36592e+02 1.27754e-47
2.37137e+02 1.28073e-47
2.37684e+02 1.28395e-47
2.38232e+02 1.28720e-47
2.38781e+02 1.29048e-47
2.39332e+02 1.29378e-47
2.39883e+02 1.29712e-47
2.40436e+02 1.30050e-47
2.40991e+02 1.30390e-47
2.41546e+02 1.30733e-47
2.42103e+02 1.31079e-47
2.42661e+02 1.31429e-47
2.43220e+02 1.31782e-47
2.43781e+02 1.32138e-47
2.44343e+02 1.32497e-47
2.44906e+02 1.32860e-47
2.45471e+02 1.33225e-47
2.46037e+02 1.33594e-47
2.46604e+02 1.33966e-47
2.47172e+02 1.34341e-47
2.47742e+02 1.34721e-47
2.48313e+02 1.35103e-47
2.48886e+02 1.35487e-47
2.49459e+02 1.35876e-47
2.50035e+02 1.36268e-47
2.50611e+02 1.36663e-47
2.51189e+02 1.37062e-47
2.51768e+02 1.37464e-47
2.52348e+02 1.37870e-47
2.52930e+02 1.38279e-47
2.53513e+02 1.38691e-47
2.54097e+02 1.39107e-47
2.54683e+02 1.39527e-47
2.55270e+02 1.39949e-47
2.55859e+02 1.40376e-47
2.56448e+02 1.40806e-47
2.57040e+02 1.41239e-47
2.57632e+02 1.41676e-47
2.58226e+02 1.42117e-47
2.58821e+02 1.42561e-47
2.59418e+02 1.43009e-47
2.60016e+02 1.43460e-47
2.60615e+02 1.43916e-47
2.61216e+02 1.44374e-47
2.61818e+02 1.44837e-47
2.62422e+02 1.45303e-47
2.63027e+02 1.45773e-47
2.63633e+02 1.46246e-47
2.64241e+02 1.46723e-47
2.64850e+02 1.47205e-47
2.65461e+02 1.47690e-47
2.66073e+02 1.48179e-47
2.66686e+02 1.48671e-47
2.67301e+02 1.49167e-47
2.67917e+02 1.49668e-47
2.68534e+02 1.50173e-47
2.69153e+02 1.50681e-47
2.69774e+02 1.51193e-47
2.70396e+02 1.51709e-47
2.71019e+02 1.52229e-47
2.71644e+02 1.52753e-47
2.72270e+02 1.53281e-47
2.72898e+02 1.53813e-47
2.73527e+02 1.54349e-47
2.74157e+02 1.54889e-47
2.74789e+02 1.55434e-47
2.75423e+02 1.55982e-47
2.76058e+02 1.56535e-47
2.76694e+02 1.57092e-47
2.77332e+02 1.57653e-47
2.77971e+02 1.58218e-47
2.78612e+02 1.58787e-47
2.79254e+02 1.59361e-47
2.79898e+02 1.59938e-47
2.80543e+02 1.60521e-47
2.81190e+02 1.61108e-47
2.81838e+02 1.61699e-47
2.82488e+02 1.62294e-47
2.83139e+02 1.62894e-47
2.83792e+02 1.63497e-47
2.84446e+02 1.64106e-47
2.85102e+02 1.64719e-47
2.85759e+02 1.65337e-47
2.86418e+02 1.65959e-47
2.87078e+02 1.66586e-47
2.87740e+02 1.67217e-47
2.88403e+02 1.67852e-47
2.89068e+02 1.68493e-47
2.89734e+02 1.69138e-47
2.90402e+02 1.69788e-47
2.91072e+02 1.70443e-47
2.91743e+02 1.71102e-47
2.92415e+02 1.71766e-47
2.93089e+02 1.72435e-47
2.93765e+02 1.73108e-47
2.94442e+02 1.73787e-47
2.95121e+02 1.74471e-47
2.95801e+02 1.75159e-47
2.96483e+02 1.75853e-47
2.97167e+02 1.76551e-47
2.97852e+02 1.77254e-47
2.98538e+02 1.77963e-47
2.99226e+02 1.78677e-47
2.99916e+02 1.79396e-47
3.00608e+02 1.80120e-47
3.01301e+02 1.80850e-47
3.01995e+02 1.81585e-47
3.02691e+02 1.82326e-47
3.03389e+02 1.83071e-47
3.04089e+02 1.83822e-47
3.04789e+02 1.84578e-47
3.05492e+02 1.85341e-47
3.06196e+02 1.86109e-47
3.06902e+02 1.86882e-47
3.07610e+02 1.87661e-47
3.08319e+02 1.88446e-47
3.09030e+02 1.89238e-47
3.09742e+02 1.90035e-47
3.10456e+02 1.90838e-47
3.11172e+02 1.91647e-47
3.11889e+02 1.92463e-47
3.12608e+02 1.93285e-47
3.13329e+02 1.94113e-47
3.14051e+02 1.94949e-47
3.14775e+02 1.95790e-47
3.15500e+02 1.96638e-47
3.16228e+02 1.97494e-47
3.16957e+02 1.98357e-47
3.17687e+02 1.99227e-47
3.18420e+02 2.00104e-47
3.19154e+02 2.00989e-47
3.19890e+02 2.01882e-47
3.20627e+02 2.02784e-47
3.21366e+02 2.03693e-47
3.22107e+02 2.04611e-47
3.22849e+02 2.05538e-47
3.23594e+02 2.06475e-47
3.24340e+02 2.07421e-47
3.25087e+02 2.08378e-47
3.25837e+02 2.09345e-47
3.26588e+02 2.10323e-47
3.27341e+02 2.11313e-47
3.28095e+02 2.12316e-47
3.28852e+02 2.13332e-47
3.29610e+02 2.14363e-47
3.30370e+02 2.15408e-47
3.31131e+02 2.16471e-47
3.31894e+02 2.17550e-47
3.32660e+02 2.18650e-47
3.33426e+02 2.19771e-47
3.34195e+02 2.20915e-47
3.34965e+02 2.22086e-47
3.35738e+02 2.23286e-47
3.36512e+02 2.24519e-47
3.37287e+02 2.25789e-47
3.38065e+02 2.27103e-47
3.38844e+02 2.28466e-47
3.39625e+02 2.29887e-47
3.40408e+02 2.31376e-47
3.41193e+02 2.32946e-47
3.41979e+02 2.34614e-47
3.42768e+02 2.36400e-47
3.43558e+02 2.38333e-47
3.44350e+02 2.40450e-47
3.45144e+02 2.42801e-47
3.45939e+02 2.45455e-47
3.46737e+02 2.48510e-47
3.47536e+02 2.52109e-47
3.48337e+02 2.56465e-47
3.49140e+02 2.61906e-47
3.49945e+02 2.68968e-47
3.50752e+02 2.78560e-47
3.51560e+02 2.92345e-47
3.52371e+02 3.13616e-47
3.53183e+02 3.49695e-47
3.53997e+02 4.19712e-47
3.54813e+02 5.87869e-47
3.55631e+02 1.19432e-46
3.56451e+02 8.79241e-46
3.57273e+02 8.55276e-46
3.58096e+02 1.17308e-46
3.58922e+02 5.81429e-47
3.59749e+02 4.19535e-47
3.60579e+02 3.53766e-47
3.61410e+02 3.21149e-47
3.62243e+02 3.02950e-47
3.63078e+02 2.92015e-47
3.63915e+02 2.85130e-47
3.64754e+02 2.80684e-47
3.65595e+02 2.77791e-47
3.66438e+02 2.75937e-47
3.67282e+02 2.74803e-47
3.68129e+02 2.74185e-47
3.68978e+02 2.73947e-47
3.69828e+02 2.73995e-47
3.70681e+02 2.74263e-47
3.71535e+02 2.74704e-47
3.72392e+02 2.75282e-47
3.73250e+02 2.75972e-47
3.74111e+02 2.76752e-47
3.74973e+02 2.77609e-47
3.75837e+02 2.78530e-47
3.76704e+02 2.79505e-47
3.77572e+02 2.80527e-47
3.78443e+02 2.81589e-47
3.79315e+02 2.82688e-47
3.80189e+02 2.83817e-47
3.81066e+02 2.84976e-47
3.81944e+02 2.86160e-47
3.82825e+02 2.87367e-47
3.83707e+02 2.88595e-47
3.84592e+02 2.89842e-47
3.85478e+02 2.91109e-47
3.86367e+02 2.92391e-47
3.87258e+02 2.93690e-47
3.88150e+02 2.95004e-47
3.89045e+02 2.96332e-47
3.89942e+02 2.97675e-47
3.90841e+02 2.99030e-47
3.91742e+02 3.00397e-47
3.92645e+02 3.01777e-47
3.93550e+02 3.03168e-47
3.94457e+02 3.04572e-47
3.95367e+02 3.05986e-47
3.96278e+02 3.07410e-47
3.97192e+02 3.08847e-47
3.98107e+02 3.10294e-47
3.99025e+02 3.11750e-47
3.99945e+02 3.13217e-47
4.00867e+02 3.14694e-47
4.01791e+02 3.16180e-47
4.02717e+02 3.17678e-47
4.03645e+02 3.19184e-47
4.04576e+02 3.20700e-47
4.05509e+02 3.22225e-47
4.06443e+02 3.23761e-47
4.07380e+02 3.25306e-47
4.08319e+02 3.26860e-47
4.09261e+02 3.28424e-47
4.10204e+02 3.29997e-47
4.11150e+02 3.31580e-47
4.12098e+02 3.33173e-47
4.13048e+02 3.34773e-47
4.14000e+02 3.36384e-47
4.14954e+02 3.38004e-47
4.15911e+02 3.39634e-47
4.16869e+02 3.41272e-47
4.17830e+02 3.42920e-47
4.18794e+02 3.44578e-47
4.19759e+02 3.46245e-47
4.20727e+02 3.47922e-47
4.21697e+02 3.49607e-47
4.22669e+02 3.51302e-47
4.23643e+02 3.53006e-47
4.24620e+02 3.54720e-47
4.25598e+02 3.56444e-47
4.26580e+02 3.58177e-47
4.27563e+02 3.59918e-47
4.28549e+02 3.61671e-47
4.29536e+02 3.63432e-47
4.30527e+02 3.65204e-47
4.31519e+02 3.66984e-47
4.32514e+02 3.68774e-47
4.33511e+02 3.70574e-47
4.34510e+02 3.72384e-47
4.35512e+02 3.74204e-47
4.36516e+02 3.76033e-47
4.37522e+02 3.77872e-47
4.38531e+02 3.79721e-47
4.39542e+02 3.81579e-47
4.40555e+02 3.83448e-47
4.41570e+02 3.85327e-47
4.42588e+02 3.87215e-47
4.43609e+02 3.89114e-47
4.44631e+02 3.91021e-47
4.45656e+02 3.92941e-47
4.46684e+02 3.94869e-47
4.47713e+02 3.96808e-47
4.48745e+02 3.98757e-47
4.49780e+02 4.00717e-47
4.50817e+02 4.02687e-47
4.51856e+02 4.04666e-47
4.52898e+02 4.06656e-47
4.53942e+02 4.08657e-47
4.54988e+02 4.10668e-47
4.56037e+02 4.12691e-47
4.57088e+02 4.14722e-47
4.58142e+02 4.16764e-47
4.59198e+02 4.18819e-47
4.60257e+02 4.20882e-47
4.61318e+02 4.22956e-47
4.62381e+02 4.25043e-47
4.63447e+02 4.27138e-47
4.64515e+02 4.29245e-47
4.65586e+02 4.31364e-47
4.66659e+02 4.33492e-47
4.67735e+02 4.35632e-47
4.68813e+02 4.37782e-47
4.69894e+02 4.39944e-47
4.70977e+02 4.42117e-47
4.72063e+02 4.44301e-47
4.73151e+02 4.46497e-47
4.74242e+02 4.48703e-47
4.75335e+02 4.50922e-47
4.76431e+02 4.53150e-47
4.77529e+02 4.55390e-47
4.78630e+02 4.57643e-47
4.79733e+02 4.59906e-47
4.80839e+02 4.62181e-47
4.81948e+02 4.64468e-47
4.83059e+02 4.66766e-47
4.84172e+02 4.69076e-47
4.85289e+02 4.71398e-47
4.86407e+02 4.73731e-47
4.87528e+02 4.76075e-47
4.88652e+02 4.78432e-47
4.89779e+02 4.80802e-47
4.90908e+02 4.83182e-47
4.92040e+02 4.85576e-47
4.93174e+02 4.87980e-47
4.94311e+02 4.90398e-47
4.95450e+02 4.92828e-47
4.96592e+02 4.95270e-47
4.97737e+02 4.97723e-47
4.98884e+02 5.00190e-47
5.00035e+02 5.02668e-47
5.01187e+02 5.05160e-47
5.02343e+02 5.07663e-47
5.03501e+02 5.10179e-47
5.04661e+02 5.12708e-47
5.05825e+02 5.15250e-47
5.06991e+02 5.17804e-47
5.08159e+02 5.20370e-47
5.09331e+02 5.22952e-47
5.10505e+02 5.25544e-47
5.11682e+02 5.28150e-47
5.12861e+02 5.30769e-47
5.14044e+02 5.33401e-47
5.15229e+02 5.36045e-47
5.16416e+02 5.38703e-47
5.17607e+02 5.41375e-47
5.18800e+02 5.44060e-47
5.19996e+02 5.46758e-47
5.21195e+02 5.49469e-47
5.22396e+02 5.52195e-47
5.23600e+02 5.54933e-47
5.24807e+02 5.57685e-47
5.26017e+02 5.60451e-47
5.27230e+02 5.63231e-47
5.28445e+02 5.66025e-47
5.29663e+02 5.68831e-47
5.30884e+02 5.71652e-47
5.32108e+02 5.74488e-47
5.33335e+02 5.77337e-47
5.34564e+02 5.80201e-47
5.35797e+02 5.83079e-47
5.37032e+02 5.85970e-47
5.38270e+02 5.88877e-47
5.39511e+02 5.91796e-47
5.40754e+02 5.94731e-47
5.42001e+02 5.97681e-47
5.43250e+02 6.00645e-47
5.44503e+02 6.03623e-47
5.45758e+02 6.06617e-47
5.47016e+02 6.09625e-47
5.48277e+02 6.12647e-47
5.49541e+02 6.15685e-47
5.50808e+02 6.18738e-47
5.52077e+02 6.21806e-47
5.53350e+02 6.24889e-47
5.54626e+02 6.27987e-47
5.55904e+02 6.31100e-47
5.57186e+02 6.34229e-47
5.58470e+02 6.37374e-47
5.59758e+02 6.40533e-47
5.61048e+02 6.43709e-47
5.62341e+02 6.46900e-47
5.63638e+02 6.50107e-47
5.64937e+02 6.53329e-47
5.66239e+02 6.56568e-47
5.67545e+02 6.59823e-47
5.68853e+02 6.63094e-47
5.70164e+02 6.66380e-47
5.71479e+02 6.69684e-47
5.72796e+02 6.73004e-47
5.74116e+02 6.76340e-47
5.75440e+02 6.79693e-47
5.76766e+02 6.83063e-47
5.78096e+02 6.86449e-47
5.79429e+02 6.89852e-47
5.80764e+02 6.93271e-47
5.82103e+02 6.96709e-47
5.83445e+02 7.00164e-47
5.84790e+02 7.03636e-47
5.86138e+02 7.07126e-47
5.87489e+02 7.10634e-47
5.88844e+02 7.14160e-47
5.90201e+02 7.17705e-47
5.91562e+02 7.21268e-47
5.92925e+02 7.24850e-47
5.94292e+02 7.28450e-47
5.95662e+02 7.32070e-47
5.97035e+02 7.35709e-47
5.98412e+02 7.39370e-47
5.99791e+02 7.43051e-47
6.01174e+02 7.46753e-47
6.02560e+02 7.50479e-47
6.03949e+02 7.54226e-47
6.05341e+02 7.57998e-47
6.06736e+02 7.61796e-47
6.08135e+02 7.65622e-47
6.09537e+02 7.69475e-47
6.10942e+02 7.73362e-47
6.12350e+02 7.77284e-47
6.13762e+02 7.81247e-47
6.15177e+02 7.85258e-47
6.16595e+02 7.89326e-47
6.18016e+02 7.93464e-47
6.19441e+02 7.97692e-47
6.20869e+02 8.02038e-47
6.22300e+02 8.06553e-47
6.23735e+02 8.11311e-47
6.25173e+02 8.16451e-47
6.26614e+02 8.22237e-47
6.28058e+02 8.29212e-47
6.29506e+02 8.38695e-47
6.30957e+02 8.54530e-47
6.32412e+02 8.92451e-47
6.33870e+02 1.08322e-46
6.35331e+02 4.57194e-44
6.36796e+02 1.06713e-46
6.38263e+02 9.04785e-47
6.39735e+02 8.77493e-47
6.41210e+02 8.70616e-47
6.42688e+02 8.69698e-47
6.44169e+02 8.71146e-47
6.45654e+02 8.73724e-47
6.47143e+02 8.76912e-47
6.48634e+02 8.80463e-47
6.50130e+02 8.84251e-47
6.51628e+02 8.88195e-47
6.53131e+02 8.92256e-47
6.54636e+02 8.96404e-47
6.56145e+02 9.00620e-47
6.57658e+02 9.04894e-47
6.59174e+02 9.09216e-47
6.60693e+02 9.13580e-47
6.62217e+02 9.17981e-47
6.63743e+02 9.22416e-47
6.65273e+02 9.26884e-47
6.66807e+02 9.31381e-47
6.68344e+02 9.35907e-47
6.69885e+02 9.40460e-47
6.71429e+02 9.45041e-47
6.72977e+02 9.49646e-47
6.74528e+02 9.54277e-47
6.76083e+02 9.58934e-47
6.77642e+02 9.63615e-47
6.79204e+02 9.68321e-47
6.80769e+02 9.73050e-47
6.82339e+02 9.77805e-47
6.83912e+02 9.82583e-47
6.85488e+02 9.87386e-47
6.87068e+02 9.92211e-47
6.88652e+02 9.97062e-47
6.90240e+02 1.00194e-46
6.91831e+02 1.00683e-46
6.93426e+02 1.01175e-46
6.95024e+02 1.01671e-46
6.96627e+02 1.02168e-46
6.98232e+02 1.02668e-46
6.99842e+02 1.03169e-46
7.01455e+02 1.03673e-46
7.03072e+02 1.04179e-46
7.04693e+02 1.04688e-46
7.06318e+02 1.05200e-46
7.07946e+02 1.05713e-46
7.09578e+02 1.06230e-46
7.11214e+02 1.06750e-46
7.12853e+02 1.07272e-46
7.14496e+02 1.07794e-46
7.16143e+02 1.08320e-46
7.17794e+02 1.08850e-46
7.19449e+02 1.09382e-46
7.21107e+02 1.09916e-46
7.22770e+02 1.10452e-46
7.24436e+02 1.10990e-46
7.26106e+02 1.11533e-46
7.27780e+02 1.12076e-46
7.29458e+02 1.12623e-46
7.31139e+02 1.13173e-46
7.32825e+02 1.13725e-46
7.34514e+02 1.14278e-46
7.36207e+02 1.14837e-46
7.37904e+02 1.15397e-46
7.39605e+02 1.15958e-46
7.41310e+02 1.16523e-46
7.43019e+02 1.17092e-46
7.44732e+02 1.17662e-46
7.46449e+02 1.18235e-46
7.48170e+02 1.18810e-46
7.49894e+02 1.19391e-46
7.51623e+02 1.19970e-46
7.53356e+02 1.20556e-46
7.55092e+02 1.21141e-46
7.56833e+02 1.21732e-46
7.58578e+02 1.22324e-46
7.60326e+02 1.22919e-46
7.62079e+02 1.23517e-46
7.63836e+02 1.24117e-46
7.65597e+02 1.24722e-46
7.67361e+02 1.25328e-46
7.69130e+02 1.25938e-46
7.70903e+02 1.26549e-46
7.72681e+02 1.27164e-46
7.74462e+02 1.27783e-46
7.76247e+02 1.28403e-46
7.78037e+02 1.29027e-46
7.79830e+02 1.29652e-46
7.81628e+02 1.30284e-46
7.83430e+02 1.30915e-46
7.85236e+02 1.31552e-46
7.87046e+02 1.32190e-46
7.88860e+02 1.32830e-46
7.90679e+02 1.33476e-46
7.92501e+02 1.34124e-46
7.94328e+02 1.34774e-46
7.96159e+02 1.35427e-46
7.97995e+02 1.36084e-46
7.99834e+02 1.36745e-46
8.01678e+02 1.37408e-46
8.03526e+02 1.38074e-46
8.05378e+02 1.38742e-46
8.07235e+02 1.39415e-46
8.09096e+02 1.40091e-46
8.10961e+02 1.40769e-46
8.12831e+02 1.41451e-46
8.14704e+02 1.42136e-46
8.16582e+02 1.42824e-46
8.18465e+02 1.43516e-46
8.20352e+02 1.44211e-46
8.22243e+02 1.44909e-46
8.24138e+02 1.45610e-46
8.26038e+02 1.46313e-46
8.27942e+02 1.47023e-46
8.29851e+02 1.47732e-46
8.31764e+02 1.48447e-46
8.33681e+02 1.49165e-46
8.35603e+02 1.49886e-46
8.37529e+02 1.50612e-46
8.39460e+02 1.51339e-46
8.41395e+02 1.52071e-46
8.43335e+02 1.52804e-46
8.45279e+02 1.53542e-46
8.47227e+02 1.54284e-46
8.49180e+02 1.55030e-46
8.51138e+02 1.55778e-46
8.53100e+02 1.56530e-46
8.55067e+02 1.57287e-46
8.57038e+02 1.58045e-46
8.59014e+02 1.58808e-46
8.60994e+02 1.59575e-46
8.62979e+02 1.60344e-46
8.64968e+02 1.61117e-46
8.66962e+02 1.61895e-46
8.68960e+02 1.62675e-46
8.70964e+02 1.63459e-46
8.72971e+02 1.64247e-46
8.74984e+02 1.65040e-46
8.77001e+02 1.65835e-46
8.79023e+02 1.66635e-46
8.81049e+02 1.67436e-46
8.83080e+02 1.68244e-46
8.85116e+02 1.69055e-46
8.87156e+02 1.69867e-46
8.89201e+02 1.70686e-46
8.91251e+02 1.71508e-46
8.93305e+02 1.72334e-46
8.95365e+02 1.73162e-46
8.97429e+02 1.73997e-46
8.99498e+02 1.74832e-46
9.01571e+02 1.75674e-46
9.03649e+02 1.76520e-46
9.05733e+02 1.77369e-46
9.07821e+02 1.78222e-46
9.09913e+02 1.79078e-46
9.12011e+02 1.79938e-46
9.14113e+02 1.80806e-46
9.16220e+02 1.81673e-46
9.18333e+02 1.82547e-46
9.20450e+02 1.83424e-46
9.22571e+02 1.84305e-46
9.24698e+02 1.85191e-46
9.26830e+02 1.86080e-46
9.28966e+02 1.86973e-46
9.31108e+02 1.87871e-46
9.33254e+02 1.88774e-46
9.35406e+02 1.89682e-46
9.37562e+02 1.90592e-46
9.39723e+02 1.91507e-46
9.41890e+02 1.92427e-46
9.44061e+02 1.93349e-46
9.46237e+02 1.94276e-46
9.48418e+02 1.95208e-46
9.50605e+02 1.96146e-46
9.52796e+02 1.97088e-46
9.54993e+02 1.98035e-46
9.57194e+02 1.98985e-46
9.59401e+02 1.99940e-46
9.61612e+02 2.00899e-46
9.63829e+02 2.01864e-46
9.66051e+02 2.02835e-46
9.68278e+02 2.03810e-46
9.70510e+02 2.04793e-46
9.72747e+02 2.05779e-46
9.74990e+02 2.06773e-46
9.77237e+02 2.07775e-46
9.79490e+02 2.08788e-46
9.81748e+02 2.09812e-46
9.84011e+02 2.10857e-46
9.86279e+02 2.11938e-46
9.88553e+02 2.13099e-46
9.90832e+02 2.14479e-46
9.93116e+02 2.16885e-46
9.95405e+02 2.40163e-46
9.97700e+02 2.29102e-46
1.00000e+03 2.19523e-46
1.00231e+03 2.19526e-46
1.00462e+03 2.20273e-46
1.00693e+03 2.21197e-46
1.00925e+03 2.22189e-46
1.01158e+03 2.23213e-46
1.01391e+03 2.24257e-46
1.01625e+03 2.25312e-46
1.01859e+03 2.26376e-46
1.02094e+03 2.27449e-46
1.02329e+03 2.28530e-46
1.02565e+03 2.29613e-46
1.02802e+03 2.30706e-46
1.03039e+03 2.31804e-46
1.03276e+03 2.32907e-46
1.03514e+03 2.34017e-46
1.03753e+03 2.35132e-46
1.03992e+03 2.36252e-46
1.04232e+03 2.37379e-46
1.04472e+03 2.38511e-46
1.04713e+03 2.39646e-46
1.04954e+03 2.40787e-46
1.05196e+03 2.41936e-46
1.05439e+03 2.43089e-46
1.05682e+03 2.44247e-46
1.05925e+03 2.45408e-46
1.06170e+03 2.46578e-46
1.06414e+03 2.47754e-46
1.06660e+03 2.48933e-46
1.06905e+03 2.50117e-46
1.07152e+03 2.51308e-46
1.07399e+03 2.52505e-46
1.07647e+03 2.53708e-46
1.07895e+03 2.54916e-46
1.08143e+03 2.56128e-46
1.08393e+03 2.57346e-46
1.08643e+03 2.58573e-46
1.08893e+03 2.59803e-46
1.09144e+03 2.61039e-46
1.09396e+03 2.62281e-46
1.09648e+03 2.63527e-46
1.09901e+03 2.64781e-46
1.10154e+03 2.66039e-46
1.10408e+03 2.67306e-46
1.10662e+03 2.68576e-46
1.10917e+03 2.69853e-46
1.11173e+03 2.71136e-46
1.11429e+03 2.72425e-46
1.11686e+03 2.73717e-46
1.11944e+03 2.75019e-46
1.12202e+03 2.76327e-46
1.12460e+03 2.77639e-46
1.12720e+03 2.78957e-46
1.12980e+03 2.80281e-46
1.13240e+03 2.81612e-46
1.13501e+03 2.82949e-46
1.13763e+03 2.84293e-46
1.14025e+03 2.85644e-46
1.14288e+03 2.87001e-46
1.14551e+03 2.88361e-46
1.14815e+03 2.89731e-46
1.15080e+03 2.91105e-46
1.15345e+03 2.92485e-46
1.15611e+03 2.93876e-46
1.15878e+03 2.95269e-46
1.16145e+03 2.96670e-46
1.16413e+03 2.98077e-46
1.16681e+03 2.99491e-46
1.16950e+03 3.00911e-46
1.17220e+03 3.02336e-46
1.17490e+03 3.03770e-46
1.17761e+03 3.05211e-46
1.18032e+03 3.06656e-46
1.18304e+03 3.08111e-46
1.18577e+03 3.09570e-46
1.18850e+03 3.11036e-46
1.19124e+03 3.12512e-46
1.19399e+03 3.13991e-46
1.19674e+03 3.15478e-46
1.19950e+03 3.16972e-46
1.20226e+03 3.18473e-46
1.20504e+03 3.19981e-46
1.20781e+03 3.21496e-46
1.21060e+03 3.23018e-46
1.21339e+03 3.24547e-46
1.21619e+03 3.26084e-46
1.21899e+03 3.27628e-46
1.22180e+03 3.29179e-46
1.22462e+03 3.30738e-46
1.22744e+03 3.32300e-46
1.23027e+03 3.33873e-46
1.23310e+03 3.35454e-46
1.23595e+03 3.37038e-46
1.23880e+03 3.38634e-46
1.24165e+03 3.40236e-46
1.24451e+03 3.41843e-46
1.24738e+03 3.43461e-46
1.25026e+03 3.45083e-46
1.25314e+03 3.46716e-46
1.25603e+03 3.48356e-46
1.25893e+03 3.50000e-46
1.26183e+03 3.51656e-46
1.26474e+03 3.53316e-46
1.26765e+03 3.54987e-46
1.27057e+03 3.56662e-46
1.27350e+03 3.58349e-46
1.27644e+03 3.60043e-46
1.27938e+03 3.61741e-46
1.28233e+03 3.63451e-46
1.28529e+03 3.65165e-46
1.28825e+03 3.66891e-46
1.29122e+03 3.68625e-46
1.29420e+03 3.70362e-46
1.29718e+03 3.72112e-46
1.30017e+03 3.73869e-46
1.30317e+03 3.75635e-46
1.30617e+03 3.77408e-46
1.30918e+03 3.79186e-46
1.31220e+03 3.80976e-46
1.31522e+03 3.82774e-46
1.31826e+03 3.84580e-46
1.32130e+03 3.86394e-46
1.32434e+03 3.88216e-46
1.32739e+03 3.90047e-46
1.33045e+03 3.91890e-46
1.33352e+03 3.93737e-46
1.33660e+03 3.95592e-46
1.33968e+03 3.97456e-46
1.34276e+03 3.99332e-46
1.34586e+03 4.01213e-46
1.34896e+03 4.03106e-46
1.35207e+03 4.05004e-46
1.35519e+03 4.06914e-46
1.35831e+03 4.08832e-46
1.36144e+03 4.10759e-46
1.36458e+03 4.12695e-46
1.36773e+03 4.14640e-46
1.37088e+03 4.16593e-46
1.37404e+03 4.18554e-46
1.37721e+03 4.20525e-46
1.38038e+03 4.22508e-46
1.38357e+03 4.24496e-46
1.38676e+03 4.26497e-46
1.38995e+03 4.28502e-46
1.39316e+03 4.30521e-46
1.39637e+03 4.32548e-46
1.39959e+03 4.34585e-46
1.40281e+03 4.36634e-46
1.40605e+03 4.38689e-46
1.40929e+03 4.40756e-46
1.41254e+03 4.42833e-46
1.41579e+03 4.44919e-46
1.41906e+03 4.47014e-46
1.42233e+03 4.49126e-46
1.42561e+03 4.51248e-46
1.42889e+03 4.53392e-46
1.43219e+03 4.55562e-46
1.43549e+03 4.57810e-46
1.43880e+03 4.60403e-46
1.44212e+03 4.77318e-46
1.44544e+03 4.65899e-46
1.44877e+03 4.66603e-46
1.45211e+03 4.68597e-46
1.45546e+03 4.70738e-46
1.45881e+03 4.72928e-46
1.46218e+03 4.75135e-46
1.46555e+03 4.77357e-46
1.46893e+03 4.79597e-46
1.47231e+03 4.81846e-46
1.47571e+03 4.84110e-46
1.47911e+03 4.86383e-46
1.48252e+03 4.88666e-46
1.48594e+03 4.90959e-46
1.48936e+03 4.93266e-46
1.49279e+03 4.95583e-46
1.49624e+03 4.97910e-46
1.49968e+03 5.00247e-46
1.50314e+03 5.02594e-46
1.50661e+03 5.04955e-46
1.51008e+03 5.07326e-46
1.51356e+03 5.09707e-46
1.51705e+03 5.12099e-46
1.52055e+03 5.14505e-46
1.52405e+03 5.16917e-46
1.52757e+03 5.19343e-46
1.53109e+03 5.21780e-46
1.53462e+03 5.24231e-46
1.53815e+03 5.26689e-46
1.54170e+03 5.29161e-46
1.54525e+03 5.31644e-46
1.54882e+03 5.34137e-46
1.55239e+03 5.36645e-46
1.55597e+03 5.39164e-46
1.55955e+03 5.41688e-46
1.56315e+03 5.44233e-46
1.56675e+03 5.46783e-46
1.57036e+03 5.49349e-46
1.57398e+03 5.51926e-46
1.57761e+03 5.54513e-46
1.58125e+03 5.57111e-46
1.58489e+03 5.59725e-46
1.58855e+03 5.62349e-46
1.59221e+03 5.64984e-46
1.59588e+03 5.67631e-46
1.59956e+03 5.70293e-46
1.60325e+03 5.72966e-46
1.60694e+03 5.75650e-46
1.61065e+03 5.78350e-46
1.61436e+03 5.81061e-46
1.61808e+03 5.83783e-46
1.62181e+03 5.86516e-46
1.62555e+03 5.89266e-46
1.62930e+03 5.92027e-46
1.63305e+03 5.94799e-46
1.63682e+03 5.97587e-46
1.64059e+03 6.00382e-46
1.64437e+03 6.03199e-46
1.64816e+03 6.06021e-46
1.65196e+03 6.08861e-46
1.65577e+03 6.11711e-46
1.65959e+03 6.14574e-46
1.66341e+03 6.17453e-46
1.66725e+03 6.20344e-46
1.67109e+03 6.23246e-46
1.67494e+03 6.26166e-46
1.67880e+03 6.29097e-46
1.68267e+03 6.32040e-46
1.68655e+03 6.35000e-46
1.69044e+03 6.37972e-46
1.69434e+03 6.40956e-46
1.69824e+03 6.43957e-46
1.70216e+03 6.46970e-46
1.70608e+03 6.49995e-46
1.71002e+03 6.53038e-46
1.71396e+03 6.56092e-46
1.71791e+03 6.59165e-46
1.72187e+03 6.62244e-46
1.72584e+03 6.65346e-46
1.72982e+03 6.68455e-46
1.73380e+03 6.71582e-46
1.73780e+03 6.74721e-46
1.74181e+03 6.77879e-46
1.74582e+03 6.81048e-46
1.74985e+03 6.84236e-46
1.75388e+03 6.87431e-46
1.75792e+03 6.90649e-46
1.76198e+03 6.93875e-46
1.76604e+03 6.97118e-46
1.77011e+03 7.00380e-46
1.77419e+03 7.03655e-46
1.77828e+03 7.06943e-46
1.78238e+03 7.10249e-46
1.78649e+03 7.13568e-46
1.79061e+03 7.16901e-46
1.79473e+03 7.20251e-46
1.79887e+03 7.23615e-46
1.80302e+03 7.26998e-46
1.80717e+03 7.30394e-46
1.81134e+03 7.33809e-46
1.81552e+03 7.37237e-46
1.81970e+03 7.40683e-46
1.82390e+03 7.44144e-46
1.82810e+03 7.47618e-46
1.83231e+03 7.51111e-46
1.83654e+03 7.54617e-46
1.84077e+03 7.58143e-46
1.84502e+03 7.61683e-46
1.84927e+03 7.65242e-46
1.85353e+03 7.68814e-46
1.85780e+03 7.72406e-46
1.86209e+03 7.76012e-46
1.86638e+03 7.79632e-46
1.87068e+03 7.83278e-46
1.87499e+03 7.86932e-46
1.87932e+03 7.90605e-46
1.88365e+03 7.94298e-46
1.88799e+03 7.98006e-46
1.89234e+03 8.01728e-46
1.89671e+03 8.05470e-46
1.90108e+03 8.09232e-46
1.90546e+03 8.13008e-46
1.90985e+03 8.16805e-46
1.91426e+03 8.20616e-46
1.91867e+03 8.24442e-46
1.92309e+03 8.28294e-46
1.92752e+03 8.32155e-46
1.93197e+03 8.36043e-46
1.93642e+03 8.39945e-46
1.94089e+03 8.43862e-46
1.94536e+03 8.47800e-46
1.94984e+03 8.51758e-46
1.95434e+03 8.55732e-46
1.95884e+03 8.59733e-46
1.96336e+03 8.63760e-46
1.96789e+03 8.67839e-46
1.97242e+03 8.72192e-46
1.97697e+03 8.93556e-46
1.98153e+03 8.80178e-46
1.98609e+03 8.84117e-46
1.99067e+03 8.88207e-46
1.99526e+03 8.92330e-46
1.99986e+03 8.96487e-46
2.00447e+03 9.00666e-46
2.00909e+03 9.04861e-46
2.01372e+03 9.09077e-46
2.01837e+03 9.13315e-46
2.02302e+03 9.17575e-46
2.02768e+03 9.21851e-46
2.03236e+03 9.26143e-46
2.03704e+03 9.30464e-46
2.04174e+03 9.34800e-46
2.04644e+03 9.39153e-46
2.05116e+03 9.43534e-46
2.05589e+03 9.47932e-46
2.06063e+03 9.52346e-46
2.06538e+03 9.56782e-46
2.07014e+03 9.61242e-46
2.07491e+03 9.65724e-46
2.07970e+03 9.70223e-46
2.08449e+03 9.74738e-46
2.08930e+03 9.79283e-46
2.09411e+03 9.83845e-46
2.09894e+03 9.88430e-46
2.10378e+03 9.93031e-46
2.10863e+03 9.97656e-46
2.11349e+03 1.00230e-45
2.11836e+03 1.00697e-45
2.12324e+03 1.01167e-45
2.12814e+03 1.01637e-45
2.13304e+03 1.02111e-45
2.13796e+03 1.02586e-45
2.14289e+03 1.03064e-45
2.14783e+03 1.03544e-45
2.15278e+03 1.04026e-45
2.15774e+03 1.04511e-45
2.16272e+03 1.04997e-45
2.16770e+03 1.05486e-45
2.17270e+03 1.05977e-45
2.17771e+03 1.06470e-45
2.18273e+03 1.06966e-45
2.18776e+03 1.07464e-45
2.19280e+03 1.07964e-45
2.19786e+03 1.08467e-45
2.20293e+03 1.08972e-45
2.20800e+03 1.09479e-45
2.21309e+03 1.09988e-45
2.21820e+03 1.10500e-45
2.22331e+03 1.11015e-45
2.22844e+03 1.11531e-45
2.23357e+03 1.12050e-45
2.23872e+03 1.12572e-45
2.24388e+03 1.13096e-45
2.24905e+03 1.13622e-45
2.25424e+03 1.14151e-45
2.25944e+03 1.14682e-45
2.26464e+03 1.15215e-45
2.26986e+03 1.15752e-45
2.27510e+03 1.16290e-45
2.28034e+03 1.16831e-45
2.28560e+03 1.17375e-45
2.29087e+03 1.17921e-45
2.29615e+03 1.18469e-45
2.30144e+03 1.19020e-45
2.30675e+03 1.19573e-45
2.31206e+03 1.20130e-45
2.31739e+03 1.20689e-45
2.32274e+03 1.21250e-45
2.32809e+03 1.21814e-45
2.33346e+03 1.22380e-45
2.33884e+03 1.22950e-45
2.34423e+03 1.23521e-45
2.34963e+03 1.24096e-45
2.35505e+03 1.24673e-45
2.36048e+03 1.25252e-45
2.36592e+03 1.25835e-45
2.37137e+03 1.26420e-45
2.37684e+03 1.27007e-45
2.38232e+03 1.27598e-45
2.38781e+03 1.28191e-45
2.39332e+03 1.28788e-45
2.39883e+03 1.29386e-45
2.40436e+03 1.29988e-45
2.40991e+03 1.30592e-45
2.41546e+03 1.31199e-45
2.42103e+03 1.31809e-45
2.42661e+03 1.32421e-45
2.43220e+03 1.33037e-45
2.43781e+03 1.33655e-45
2.44343e+03 1.34276e-45
2.44906e+03 1.34900e-45
2.45471e+03 1.35527e-45
2.46037e+03 1.36157e-45
2.46604e+03 1.36790e-45
2.47172e+03 1.37426e-45
2.47742e+03 1.38064e-45
2.48313e+03 1.38706e-45
2.48886e+03 1.39350e-45
2.49459e+03 1.39998e-45
2.50035e+03 1.40648e-45
2.50611e+03 1.41302e-45
2.51189e+03 1.41958e-45
2.51768e+03 1.42618e-45
2.52348e+03 1.43280e-45
2.52930e+03 1.43946e-45
2.53513e+03 1.44614e-45
2.54097e+03 1.45287e-45
2.54683e+03 1.45961e-45
2.55270e+03 1.46639e-45
2.55859e+03 1.47321e-45
2.56448e+03 1.48005e-45
2.57040e+03 1.48693e-45
2.57632e+03 1.49384e-45
2.58226e+03 1.50078e-45
2.58821e+03 1.50778e-45
2.59418e+03 1.51512e-45
2.60016e+03 1.52219e-45
2.60615e+03 1.52888e-45
2.61216e+03 1.53596e-45
2.61818e+03 1.54308e-45
2.62422e+03 1.55024e-45
2.63027e+03 1.55744e-45
2.63633e+03 1.56467e-45
2.64241e+03 1.57193e-45
2.64850e+03 1.57923e-45
2.65461e+03 1.58656e-45
2.66073e+03 1.59393e-45
2.66686e+03 1.60133e-45
2.67301e+03 1.60876e-45
2.67917e+03 1.61623e-45
2.68534e+03 1.62374e-45
2.69153e+03 1.63127e-45
2.69774e+03 1.63884e-45
2.70396e+03 1.64645e-45
2.71019e+03 1.65410e-45
2.71644e+03 1.66177e-45
2.72270e+03 1.66948e-45
2.72898e+03 1.67724e-45
2.73527e+03 1.68502e-45
2.74157e+03 1.69284e-45
2.74789e+03 1.70070e-45
2.75423e+03 1.70859e-45
2.76058e+03 1.71652e-45
2.76694e+03 1.72448e-45
2.77332e+03 1.73249e-45
2.77971e+03 1.74053e-45
2.78612e+03 1.74860e-45
2.79254e+03 1.75672e-45
2.79898e+03 1.76487e-45
2.80543e+03 1.77306e-45
2.81190e+03 1.78129e-45
2.81838e+03 1.78955e-45
2.82488e+03 1.79785e-45
2.83139e+03 1.80620e-45
2.83792e+03 1.81458e-45
2.84446e+03 1.82300e-45
2.85102e+03 1.83145e-45
2.85759e+03 1.83995e-45
2.86418e+03 1.84848e-45
2.87078e+03 1.85706e-45
2.87740e+03 1.86568e-45
2.88403e+03 1.87434e-45
2.89068e+03 1.88303e-45
2.89734e+03 1.89176e-45
2.90402e+03 1.90053e-45
2.91072e+03 1.90935e-45
2.91743e+03 1.91821e-45
2.92415e+03 1.92710e-45
2.93089e+03 1.93604e-45
2.93765e+03 1.94502e-45
2.94442e+03 1.95405e-45
2.95121e+03 1.96311e-45
2.95801e+03 1.97221e-45
2.96483e+03 1.98135e-45
2.97167e+03 1.99054e-45
2.97852e+03 1.99978e-45
2.98538e+03 2.00905e-45
2.99226e+03 2.01836e-45
2.99916e+03 2.02773e-45
3.00608e+03 2.03713e-45
3.01301e+03 2.04658e-45
3.01995e+03 2.05607e-45
3.02691e+03 2.06560e-45
3.03389e+03 2.07518e-45
3.04089e+03 2.08480e-45
3.04789e+03 2.09446e-45
3.05492e+03 2.10418e-45
3.06196e+03 2.11393e-45
3.06902e+03 2.12374e-45
3.07610e+03 2.13358e-45
3.08319e+03 2.14347e-45
3.09030e+03 2.15341e-45
3.09742e+03 2.16339e-45
3.10456e+03 2.17342e-45
3.11172e+03 2.18350e-45
3.11889e+03 2.19362e-45
3.12608e+03 2.20379e-45
3.13329e+03 2.21400e-45
3.14051e+03 2.22426e-45
3.14775e+03 2.23458e-45
3.15500e+03 2.24493e-45
3.16228e+03 2.25534e-45
3.16957e+03 2.26579e-45
3.17687e+03 2.27629e-45
3.18420e+03 2.28684e-45
3.19154e+03 2.29744e-45
3.19890e+03 2.30809e-45
3.20627e+03 2.31879e-45
3.21366e+03 2.32953e-45
3.22107e+03 2.34032e-45
3.22849e+03 2.35117e-45
3.23594e+03 2.36207e-45
3.24340e+03 2.37301e-45
3.25087e+03 2.38402e-45
3.25837e+03 2.39506e-45
3.26588e+03 2.40616e-45
3.27341e+03 2.41732e-45
3.28095e+03 2.42852e-45
3.28852e+03 2.43977e-45
3.29610e+03 2.45109e-45
3.30370e+03 2.46292e-45
3.31131e+03 2.47391e-45
3.31894e+03 2.48531e-45
3.32660e+03 2.49682e-45
3.33426e+03 2.50839e-45
3.34195e+03 2.52000e-45
3.34965e+03 2.53168e-45
3.35738e+03 2.54341e-45
3.36512e+03 2.55519e-45
3.37287e+03 2.56702e-45
3.38065e+03 2.57892e-45
3.38844e+03 2.59087e-45
3.39625e+03 2.60287e-45
3.40408e+03 2.61493e-45
3.41193e+03 2.62704e-45
3.41979e+03 2.63921e-45
3.42768e+03 2.65144e-45
3.43558e+03 2.66372e-45
3.44350e+03 2.67605e-45
3.45144e+03 2.68845e-45
3.45939e+03 2.70090e-45
3.46737e+03 2.71341e-45
3.47536e+03 2.72598e-45
3.48337e+03 2.73861e-45
3.49140e+03 2.75130e-45
3.49945e+03 2.76404e-45
3.50752e+03 2.77684e-45
3.51560e+03 2.78970e-45
3.52371e+03 2.80262e-45
3.53183e+03 2.81560e-45
3.53997e+03 2.82864e-45
3.54813e+03 2.84174e-45
3.55631e+03 2.85490e-45
3.56451e+03 2.86812e-45
3.57273e+03 2.88140e-45
3.58096e+03 2.89474e-45
3.58922e+03 2.90815e-45
3.59749e+03 2.92162e-45
3.60579e+03 2.93515e-45
3.61410e+03 2.94874e-45
3.62243e+03 2.96240e-45
3.63078e+03 2.97611e-45
3.63915e+03 2.98989e-45
3.64754e+03 3.00374e-45
3.65595e+03 3.01765e-45
3.66438e+03 3.03161e-45
3.67282e+03 3.04565e-45
3.68129e+03 3.05976e-45
3.68978e+03 3.07393e-45
3.69828e+03 3.08816e-45
3.70681e+03 3.10246e-45
3.71535e+03 3.11682e-45
3.72392e+03 3.13124e-45
3.73250e+03 3.14574e-45
3.74111e+03 3.16031e-45
3.74973e+03 3.17494e-45
3.75837e+03 3.18964e-45
3.76704e+03 3.20441e-45
3.77572e+03 3.21923e-45
3.78443e+03 3.23414e-45
3.79315e+03 3.24911e-45
3.80189e+03 3.26416e-45
3.81066e+03 3.27927e-45
3.81944e+03 3.29445e-45
3.82825e+03 3.30969e-45
3.83707e+03 3.32501e-45
3.84592e+03 3.34041e-45
3.85478e+03 3.35587e-45
3.86367e+03 3.37140e-45
3.87258e+03 3.38701e-45
3.88150e+03 3.40268e-45
3.89045e+03 3.41844e-45
3.89942e+03 3.43425e-45
3.90841e+03 3.45015e-45
3.91742e+03 3.46612e-45
3.92645e+03 3.48217e-45
3.93550e+03 3.49828e-45
3.94457e+03 3.51447e-45
3.95367e+03 3.53074e-45
3.96278e+03 3.54708e-45
3.97192e+03 3.56349e-45
3.98107e+03 3.57999e-45
3.99025e+03 3.59656e-45
3.99945e+03 3.61320e-45
4.00867e+03 3.62992e-45
4.01791e+03 3.64672e-45
4.02717e+03 3.66360e-45
4.03645e+03 3.68056e-45
4.04576e+03 3.69759e-45
4.05509e+03 3.71470e-45
4.06443e+03 3.73189e-45
4.07380e+03 3.74916e-45
4.08319e+03 3.76651e-45
4.09261e+03 3.78395e-45
4.10204e+03 3.81198e-45
4.11150e+03 3.81905e-45
4.12098e+03 3.83671e-45
4.13048e+03 3.85446e-45
4.14000e+03 3.87230e-45
4.14954e+03 3.89022e-45
4.15911e+03 3.90821e-45
4.16869e+03 3.92630e-45
4.17830e+03 3.94447e-45
4.18794e+03 3.96272e-45
4.19759e+03 3.98104e-45
4.20727e+03 3.99946e-45
4.21697e+03 4.01798e-45
4.22669e+03 4.03656e-45
4.23643e+03 4.05523e-45
4.24620e+03 4.07400e-45
4.25598e+03 4.09285e-45
4.26580e+03 4.11178e-45
4.27563e+03 4.13081e-45
4.28549e+03 4.14992e-45
4.29536e+03 4.16912e-45
4.30527e+03 4.18841e-45
4.31519e+03 4.20778e-45
4.32514e+03 4.22725e-45
4.33511e+03 4.24680e-45
4.34510e+03 4.26645e-45
4.35512e+03 4.28619e-45
4.36516e+03 4.30601e-45
4.37522e+03 4.32593e-45
4.38531e+03 4.34595e-45
4.39542e+03 4.36605e-45
4.40555e+03 4.38624e-45
4.41570e+03 4.40653e-45
4.42588e+03 4.42692e-45
4.43609e+03 4.44740e-45
4.44631e+03 4.46797e-45
4.45656e+03 4.48864e-45
4.46684e+03 4.50940e-45
4.47713e+03 4.53026e-45
4.48745e+03 4.55122e-45
4.49780e+03 4.57226e-45
4.50817e+03 4.59341e-45
4.51856e+03 4.61466e-45
4.52898e+03 4.63600e-45
4.53942e+03 4.65745e-45
4.54988e+03 4.67898e-45
4.56037e+03 4.70062e-45
4.57088e+03 4.72237e-45
4.58142e+03 4.74421e-45
4.59198e+03 4.76615e-45
4.60257e+03 4.78820e-45
4.61318e+03 4.81034e-45
4.62381e+03 4.83259e-45
4.63447e+03 4.85494e-45
4.64515e+03 4.87739e-45
4.65586e+03 4.89996e-45
4.66659e+03 4.92261e-45
4.67735e+03 4.94538e-45
4.68813e+03 4.96825e-45
4.69894e+03 4.99122e-45
4.70977e+03 5.01431e-45
4.72063e+03 5.03749e-45
4.73151e+03 5.06080e-45
4.74242e+03 5.08420e-45
4.75335e+03 5.10770e-45
4.76431e+03 5.13133e-45
4.77529e+03 5.15505e-45
4.78630e+03 5.17890e-45
4.79733e+03 5.20285e-45
4.80839e+03 5.22690e-45
4.81948e+03 5.25107e-45
4.83059e+03 5.27536e-45
4.84172e+03 5.29975e-45
4.85289e+03 5.32426e-45
4.86407e+03 5.34887e-45
4.87528e+03 5.37361e-45
4.88652e+03 5.39846e-45
4.89779e+03 5.42342e-45
4.90908e+03 5.44849e-45
4.92040e+03 5.47369e-45
4.93174e+03 5.49899e-45
4.94311e+03 5.52443e-45
4.95450e+03 5.54997e-45
4.96592e+03 5.57564e-45
4.97737e+03 5.60143e-45
4.98884e+03 5.62764e-45
5.00035e+03 5.65334e-45
5.01187e+03 5.67948e-45
5.02343e+03 5.70573e-45
5.03501e+03 5.73211e-45
5.04661e+03 5.75861e-45
5.05825e+03 5.78523e-45
5.06991e+03 5.81199e-45
5.08159e+03 5.83885e-45
5.09331e+03 5.86584e-45
5.10505e+03 5.89297e-45
5.11682e+03 5.92021e-45
5.12861e+03 5.94759e-45
5.14044e+03 5.97509e-45
5.15229e+03 6.00270e-45
5.16416e+03 6.03045e-45
5.17607e+03 6.05833e-45
5.18800e+03 6.08634e-45
5.19996e+03 6.11449e-45
5.21195e+03 6.14275e-45
5.22396e+03 6.17114e-45
5.23600e+03 6.19967e-45
5.24807e+03 6.22833e-45
5.26017e+03 6.25713e-45
5.27230e+03 6.28605e-45
5.28445e+03 6.31512e-45
5.29663e+03 6.34431e-45
5.30884e+03 6.37364e-45
5.32108e+03 6.40310e-45
5.33335e+03 6.43270e-45
5.34564e+03 6.46244e-45
5.35797e+03 6.49231e-45
5.37032e+03 6.52232e-45
5.38270e+03 6.55247e-45
5.39511e+03 6.58276e-45
5.40754e+03 6.61319e-45
5.42001e+03 6.64375e-45
5.43250e+03 6.67447e-45
5.44503e+03 6.70532e-45
5.45758e+03 6.73632e-45
5.47016e+03 6.76745e-45
5.48277e+03 6.79873e-45
5.49541e+03 6.83016e-45
5.50808e+03 6.86174e-45
5.52077e+03 6.89345e-45
5.53350e+03 6.92530e-45
5.54626e+03 6.95731e-45
5.55904e+03 6.98948e-45
5.57186e+03 7.02179e-45
5.58470e+03 7.05424e-45
5.59758e+03 7.08684e-45
5.61048e+03 7.11960e-45
5.62341e+03 7.15251e-45
5.63638e+03 7.18556e-45
5.64937e+03 7.21878e-45
5.66239e+03 7.25214e-45
5.67545e+03 7.28566e-45
5.68853e+03 7.31933e-45
5.70164e+03 7.35317e-45
5.71479e+03 7.38714e-45
5.72796e+03 7.42129e-45
5.74116e+03 7.45558e-45
5.75440e+03 7.49004e-45
5.76766e+03 7.52466e-45
5.78096e+03 7.55943e-45
5.79429e+03 7.59437e-45
5.80764e+03 7.62948e-45
5.82103e+03 7.66474e-45
5.83445e+03 7.70015e-45
5.84790e+03 7.73575e-45
5.86138e+03 7.77150e-45
5.87489e+03 7.80742e-45
5.88844e+03 7.84349e-45
5.90201e+03 7.87974e-45
5.91562e+03 7.91616e-45
5.92925e+03 7.95273e-45
5.94292e+03 7.98950e-45
5.95662e+03 8.02648e-45
5.97035e+03 8.06352e-45
5.98412e+03 8.10077e-45
5.99791e+03 8.13820e-45
6.01174e+03 8.17581e-45
6.02560e+03 8.21360e-45
6.03949e+03 8.25156e-45
6.05341e+03 8.28968e-45
6.06736e+03 8.32799e-45
6.08135e+03 8.36649e-45
6.09537e+03 8.40515e-45
6.10942e+03 8.44397e-45
6.12350e+03 8.48300e-45
6.13762e+03 8.52221e-45
6.15177e+03 8.56158e-45
6.16595e+03 8.60115e-45
6.18016e+03 8.64089e-45
6.19441e+03 8.68082e-45
6.20869e+03 8.72093e-45
6.22300e+03 8.76122e-45
6.23735e+03 8.80172e-45
6.25173e+03 8.84239e-45
6.26614e+03 8.88325e-45
6.28058e+03 8.92430e-45
6.29506e+03 8.96553e-45
6.30957e+03 9.00696e-45
6.32412e+03 9.04858e-45
6.33870e+03 9.09038e-45
6.35331e+03 9.13238e-45
6.36796e+03 9.17459e-45
6.38263e+03 9.21698e-45
6.39735e+03 9.25956e-45
6.41210e+03 9.30235e-45
6.42688e+03 9.34534e-45
6.44169e+03 9.38851e-45
6.45654e+03 9.43189e-45
6.47143e+03 9.47546e-45
6.48634e+03 9.51926e-45
6.50130e+03 9.56324e-45
6.51628e+03 9.60743e-45
6.53131e+03 9.65182e-45
6.54636e+03 9.69642e-45
6.56145e+03 9.74122e-45
6.57658e+03 9.78621e-45
6.59174e+03 9.83144e-45
6.60693e+03 9.87686e-45
6.62217e+03 9.92249e-45
6.63743e+03 9.96835e-45
6.65273e+03 1.00144e-44
6.66807e+03 1.00607e-44
6.68344e+03 1.01071e-44
6.69885e+03 1.01538e-44
6.71429e+03 1.02008e-44
6.72977e+03 1.02479e-44
6.74528e+03 1.02951e-44
6.76083e+03 1.03429e-44
6.77642e+03 1.03905e-44
6.79204e+03 1.04385e-44
6.80769e+03 1.04868e-44
6.82339e+03 1.05352e-44
6.83912e+03 1.05839e-44
6.85488e+03 1.06329e-44
6.87068e+03 1.06820e-44
6.88652e+03 1.07313e-44
6.90240e+03 1.07809e-44
6.91831e+03 1.08308e-44
6.93426e+03 1.08808e-44
6.95024e+03 1.09309e-44
6.96627e+03 1.09816e-44
6.98232e+03 1.10321e-44
6.99842e+03 1.10832e-44
7.01455e+03 1.11345e-44
7.03072e+03 1.11858e-44
7.04693e+03 1.12375e-44
7.06318e+03 1.12895e-44
7.07946e+03 1.13416e-44
7.09578e+03 1.13941e-44
7.11214e+03 1.14466e-44
7.12853e+03 1.14996e-44
7.14496e+03 1.15526e-44
7.16143e+03 1.16060e-44
7.17794e+03 1.16597e-44
7.19449e+03 1.17135e-44
7.21107e+03 1.17675e-44
7.22770e+03 1.18220e-44
7.24436e+03 1.18766e-44
7.26106e+03 1.19314e-44
7.27780e+03 1.19865e-44
7.29458e+03 1.20420e-44
7.31139e+03 1.20976e-44
7.32825e+03 1.21535e-44
7.34514e+03 1.22096e-44
7.36207e+03 1.22660e-44
7.37904e+03 1.23226e-44
7.39605e+03 1.23795e-44
7.41310e+03 1.24367e-44
7.43019e+03 1.24941e-44
7.44732e+03 1.25518e-44
7.46449e+03 1.26099e-44
7.48170e+03 1.26682e-44
7.49894e+03 1.27265e-44
7.51623e+03 1.27855e-44
7.53356e+03 1.28446e-44
7.55092e+03 1.29038e-44
7.56833e+03 1.29634e-44
7.58578e+03 1.30234e-44
7.60326e+03 1.30835e-44
7.62079e+03 1.31439e-44
7.63836e+03 1.32045e-44
7.65597e+03 1.32655e-44
7.67361e+03 1.33269e-44
7.69130e+03 1.33883e-44
7.70903e+03 1.34502e-44
7.72681e+03 1.35124e-44
7.74462e+03 1.35748e-44
7.76247e+03 1.36376e-44
7.78037e+03 1.37005e-44
7.79830e+03 1.37637e-44
7.81628e+03 1.38274e-44
7.83430e+03 1.38912e-44
7.85236e+03 1.39554e-44
7.87046e+03 1.40200e-44
7.88860e+03 1.40847e-44
7.90679e+03 1.41496e-44
7.92501e+03 1.42151e-44
7.94328e+03 1.42807e-44
7.96159e+03 1.43468e-44
7.97995e+03 1.44130e-44
7.99834e+03 1.44795e-44
8.01678e+03 1.45463e-44
8.03526e+03 1.46137e-44
8.05378e+03 1.46810e-44
8.07235e+03 1.47489e-44
8.09096e+03 1.48170e-44
8.10961e+03 1.48855e-44
8.12831e+03 1.49541e-44
8.14704e+03 1.50232e-44
8.16582e+03 1.50926e-44
8.18465e+03 1.51622e-44
8.20352e+03 1.52325e-44
8.22243e+03 1.53027e-44
8.24138e+03 1.53735e-44
8.26038e+03 1.54445e-44
8.27942e+03 1.55157e-44
8.29851e+03 1.55875e-44
8.31764e+03 1.56595e-44
8.33681e+03 1.57317e-44
8.35603e+03 1.58045e-44
8.37529e+03 1.58773e-44
8.39460e+03 1.59507e-44
8.41395e+03 1.60243e-44
8.43335e+03 1.60983e-44
8.45279e+03 1.61727e-44
8.47227e+03 1.62473e-44
8.49180e+03 1.63224e-44
8.51138e+03 1.63978e-44
8.53100e+03 1.64737e-44
8.55067e+03 1.65498e-44
8.57038e+03 1.66260e-44
8.59014e+03 1.67030e-44
8.60994e+03 1.67801e-44
8.62979e+03 1.68576e-44
8.64968e+03 1.69354e-44
8.66962e+03 1.70136e-44
8.68960e+03 1.70922e-44
8.70964e+03 1.71712e-44
8.72971e+03 1.72505e-44
8.74984e+03 1.73301e-44
8.77001e+03 1.74100e-44
8.79023e+03 1.74906e-44
8.81049e+03 1.75714e-44
8.83080e+03 1.76526e-44
8.85116e+03 1.77340e-44
8.87156e+03 1.78158e-44
8.89201e+03 1.78982e-44
8.91251e+03 1.79809e-44
8.93305e+03 1.80639e-44
8.95365e+03 1.81473e-44
8.97429e+03 1.82312e-44
8.99498e+03 1.83153e-44
9.01571e+03 1.83998e-44
9.03649e+03 1.84848e-44
9.05733e+03 1.85703e-44
9.07821e+03 1.86560e-44
9.09913e+03 1.87422e-44
9.12011e+03 1.88288e-44
9.14113e+03 1.89156e-44
9.16220e+03 1.90029e-44
9.18333e+03 1.90907e-44
9.20450e+03 1.91789e-44
9.22571e+03 1.92674e-44
9.24698e+03 1.93566e-44
9.26830e+03 1.94457e-44
9.28966e+03 1.95357e-44
9.31108e+03 1.96258e-44
9.33254e+03 1.97167e-44
9.35406e+03 1.98075e-44
9.37562e+03 1.98991e-44
9.39723e+03 1.99908e-44
9.41890e+03 2.00831e-44
9.44061e+03 2.01759e-44
9.46237e+03 2.02692e-44
9.48418e+03 2.03627e-44
9.50605e+03 2.04567e-44
9.52796e+03 2.05512e-44
9.54993e+03 2.06462e-44
9.57194e+03 2.07415e-44
9.59401e+03 2.08372e-44
9.61612e+03 2.09335e-44
9.63829e+03 2.10302e-44
9.66051e+03 2.11272e-44
9.68278e+03 2.12250e-44
9.70510e+03 2.13230e-44
9.72747e+03 2.14212e-44
9.74990e+03 2.15203e-44
9.77237e+03 2.16196e-44
9.79490e+03 2.17194e-44
9.81748e+03 2.18197e-44
9.84011e+03 2.19206e-44
9.86279e+03 2.20217e-44
9.88553e+03 2.21236e-44
9.90832e+03 2.22257e-44
9.93116e+03 2.23284e-44
9.95405e+03 2.24314e-44
9.97700e+03 2.25351e-44
1.00000e+04 2.26391e-44
