0.00100 5.198400e-44
2.00000 5.198400e-44
4.00000 5.198400e-44
6.00000 5.198400e-44
8.00000 5.198400e-44
10.00000 5.198400e-44
12.00000 5.198400e-44
14.00000 5.198400e-44
16.00000 5.198400e-44
18.00000 5.198400e-44
20.10000 5.198400e-44
20.50000 5.198400e-44
20.90000 5.198400e-44
21.30000 5.198400e-44
21.70000 5.198400e-44
22.10000 5.198400e-44
22.50000 5.198400e-44
22.90000 5.198400e-44
23.30000 5.198400e-44
23.80000 5.198400e-44
24.20000 5.198400e-44
24.70000 5.198400e-44
25.10000 5.198400e-44
25.60000 5.198400e-44
26.10000 5.198400e-44
26.50000 5.198400e-44
27.00000 5.198400e-44
27.50000 5.198400e-44
28.10000 5.198400e-44
28.60000 5.198400e-44
29.10000 5.198400e-44
29.60000 5.198400e-44
30.20000 5.198400e-44
30.80000 5.198400e-44
31.30000 5.198400e-44
31.90000 5.198400e-44
32.50000 5.198400e-44
33.10000 5.198400e-44
33.70000 5.198400e-44
34.40000 5.198400e-44
35.00000 5.198400e-44
35.60000 5.198400e-44
36.30000 5.198400e-44
37.00000 5.198400e-44
37.70000 5.198400e-44
38.40000 5.198400e-44
39.10000 5.198400e-44
39.80000 5.198400e-44
40.60000 5.198400e-44
41.30000 4.752400e-44
42.10000 4.368100e-44
42.90000 4.040100e-44
43.70000 3.724900e-44
44.50000 3.459600e-44
45.30000 3.204100e-44
46.10000 2.958400e-44
47.00000 2.755600e-44
47.90000 2.560000e-44
48.80000 2.371600e-44
49.70000 2.220100e-44
50.60000 2.044900e-44
51.50000 1.904400e-44
52.50000 1.768900e-44
53.50000 1.638400e-44
54.50000 1.537600e-44
55.50000 1.416100e-44
56.50000 1.322500e-44
57.50000 1.232100e-44
58.60000 1.144900e-44
59.70000 1.060900e-44
60.80000 9.860490e-45
61.90000 9.158490e-45
63.10000 8.519290e-45
64.30000 7.921000e-45
65.50000 7.361640e-45
66.70000 6.839290e-45
67.90000 6.368040e-45
69.20000 5.929000e-45
70.50000 5.505640e-45
71.80000 5.126560e-45
73.10000 4.774810e-45
74.50000 4.448890e-45
75.90000 4.134490e-45
77.30000 3.856410e-45
78.70000 3.588010e-45
80.20000 3.340840e-45
81.70000 3.113640e-45
83.20000 2.905210e-45
84.70000 2.714410e-45
86.30000 2.530090e-45
87.90000 2.361960e-45
89.50000 2.209000e-45
91.20000 2.070250e-45
92.90000 1.936000e-45
94.60000 1.814760e-45
96.40000 1.697440e-45
98.20000 1.592010e-45
100.00000 1.497690e-45
102.00000 1.406250e-45
104.00000 1.324960e-45
106.00000 1.253160e-45
108.00000 1.183360e-45
110.00000 1.115560e-45
112.00000 1.056250e-45
114.00000 1.004890e-45
116.00000 9.548100e-46
118.00000 9.120400e-46
120.00000 8.702500e-46
122.00000 8.352100e-46
125.00000 8.008900e-46
127.00000 7.728400e-46
129.00000 7.452900e-46
132.00000 7.182400e-46
134.00000 6.969600e-46
137.00000 6.812100e-46
139.00000 6.656400e-46
142.00000 6.502500e-46
145.00000 6.400900e-46
147.00000 6.300100e-46
150.00000 6.200100e-46
153.00000 6.150400e-46
156.00000 6.150400e-46
158.00000 6.100900e-46
161.00000 6.100900e-46
164.00000 6.100900e-46
167.00000 6.150400e-46
171.00000 6.200100e-46
174.00000 6.250000e-46
177.00000 6.350400e-46
180.00000 6.451600e-46
184.00000 6.553600e-46
187.00000 6.656400e-46
191.00000 6.760000e-46
194.00000 6.916900e-46
198.00000 7.075600e-46
201.00000 7.236100e-46
205.00000 7.452900e-46
209.00000 7.617600e-46
213.00000 7.840000e-46
217.00000 8.065600e-46
221.00000 8.294400e-46
225.00000 8.526400e-46
229.00000 8.820900e-46
233.00000 9.120400e-46
238.00000 9.363600e-46
242.00000 9.672100e-46
247.00000 9.985600e-46
251.00000 1.036840e-45
256.00000 1.069290e-45
261.00000 1.108890e-45
265.00000 1.142440e-45
270.00000 1.183360e-45
275.00000 1.225000e-45
281.00000 1.274490e-45
286.00000 1.317690e-45
291.00000 1.361610e-45
296.00000 1.413760e-45
302.00000 1.466890e-45
308.00000 1.521000e-45
313.00000 1.576090e-45
319.00000 1.632160e-45
325.00000 1.689210e-45
331.00000 1.755610e-45
337.00000 1.814760e-45
344.00000 1.883560e-45
350.00000 1.953640e-45
356.00000 2.025000e-45
363.00000 2.097640e-45
370.00000 2.180890e-45
377.00000 2.256250e-45
384.00000 2.342560e-45
391.00000 2.430490e-45
398.00000 2.520040e-45
406.00000 2.611210e-45
413.00000 2.714410e-45
421.00000 2.819610e-45
429.00000 2.916000e-45
437.00000 3.025000e-45
445.00000 3.147210e-45
453.00000 3.260410e-45
461.00000 3.387240e-45
470.00000 3.504640e-45
479.00000 3.636090e-45
488.00000 3.769960e-45
497.00000 3.918760e-45
506.00000 4.057690e-45
515.00000 4.212010e-45
525.00000 4.369210e-45
535.00000 4.542760e-45
545.00000 4.705960e-45
555.00000 4.886010e-45
565.00000 5.069440e-45
575.00000 5.256250e-45
586.00000 5.461210e-45
597.00000 5.655040e-45
608.00000 5.867560e-45
619.00000 6.099610e-45
631.00000 6.320250e-45
643.00000 6.561000e-45
655.00000 6.806250e-45
667.00000 7.056000e-45
679.00000 7.327360e-45
692.00000 7.603840e-45
705.00000 7.885440e-45
718.00000 8.172160e-45
731.00000 8.482410e-45
745.00000 8.798440e-45
759.00000 9.139360e-45
773.00000 9.486760e-45
787.00000 9.840640e-45
802.00000 1.020100e-44
817.00000 1.060900e-44
832.00000 1.102500e-44
847.00000 1.144900e-44
863.00000 1.188100e-44
879.00000 1.232100e-44
895.00000 1.276900e-44
912.00000 1.322500e-44
929.00000 1.368900e-44
946.00000 1.416100e-44
964.00000 1.464100e-44
982.00000 1.537600e-44
1000.00000 1.587600e-44
1020.00000 1.638400e-44
1040.00000 1.716100e-44
1060.00000 1.768900e-44
1080.00000 1.849600e-44
1100.00000 1.904400e-44
1120.00000 1.988100e-44
1140.00000 2.044900e-44
1160.00000 2.131600e-44
1180.00000 2.220100e-44
1200.00000 2.280100e-44
1220.00000 2.371600e-44
1250.00000 2.464900e-44
1270.00000 2.560000e-44
1290.00000 2.656900e-44
1320.00000 2.755600e-44
1340.00000 2.856100e-44
1370.00000 2.958400e-44
1390.00000 3.097600e-44
1420.00000 3.204100e-44
1450.00000 3.312400e-44
1470.00000 3.459600e-44
1500.00000 3.572100e-44
1530.00000 3.686400e-44
1560.00000 3.841600e-44
1580.00000 4.000000e-44
1610.00000 4.120900e-44
1640.00000 4.284900e-44
1670.00000 4.452100e-44
1710.00000 4.622500e-44
1740.00000 4.796100e-44
1770.00000 4.972900e-44
1800.00000 5.152900e-44
1840.00000 5.336100e-44
1870.00000 5.569600e-44
1910.00000 5.760000e-44
1940.00000 6.002500e-44
1980.00000 6.200100e-44
2010.00000 6.451600e-44
2050.00000 6.656400e-44
2090.00000 6.916900e-44
2130.00000 7.182400e-44
2170.00000 7.452900e-44
2210.00000 7.728400e-44
2250.00000 8.008900e-44
2290.00000 8.352100e-44
2330.00000 8.643600e-44
2380.00000 8.940100e-44
2420.00000 9.302500e-44
2470.00000 9.672100e-44
2510.00000 9.985600e-44
2560.00000 1.036840e-43
2610.00000 1.075840e-43
2650.00000 1.115560e-43
2700.00000 1.162810e-43
2750.00000 1.204090e-43
2810.00000 1.246090e-43
2860.00000 1.296000e-43
2910.00000 1.346890e-43
2960.00000 1.398760e-43
3020.00000 1.451610e-43
3080.00000 1.505440e-43
3130.00000 1.560250e-43
3190.00000 1.616040e-43
3250.00000 1.681000e-43
3310.00000 1.738890e-43
3370.00000 1.806250e-43
3440.00000 1.874890e-43
3500.00000 1.944810e-43
3560.00000 2.016010e-43
3630.00000 2.088490e-43
3700.00000 2.171560e-43
3770.00000 2.256250e-43
3840.00000 2.332890e-43
3910.00000 2.420640e-43
3980.00000 2.520040e-43
4060.00000 2.611210e-43
4130.00000 2.704000e-43
4210.00000 2.809000e-43
4290.00000 2.916000e-43
4370.00000 3.025000e-43
4450.00000 3.136000e-43
4530.00000 3.260410e-43
4610.00000 3.375610e-43
4700.00000 3.504640e-43
4790.00000 3.636090e-43
4880.00000 3.769960e-43
4970.00000 3.918760e-43
5060.00000 4.057690e-43
5150.00000 4.212010e-43
5250.00000 4.369210e-43
5350.00000 4.542760e-43
5450.00000 4.705960e-43
5550.00000 4.886010e-43
5650.00000 5.069440e-43
5750.00000 5.256250e-43
5860.00000 5.461210e-43
5970.00000 5.655040e-43
6080.00000 5.867560e-43
6190.00000 6.084000e-43
6310.00000 6.320250e-43
6430.00000 6.561000e-43
6550.00000 6.806250e-43
6670.00000 7.056000e-43
6790.00000 7.327360e-43
6920.00000 7.603840e-43
7050.00000 7.885440e-43
7180.00000 8.172160e-43
7310.00000 8.482410e-43
7450.00000 8.798440e-43
7590.00000 9.139360e-43
7730.00000 9.486760e-43
7870.00000 9.840640e-43
8020.00000 1.020100e-42
8170.00000 1.060900e-42
8320.00000 1.102500e-42
8470.00000 1.144900e-42
8630.00000 1.188100e-42
8790.00000 1.232100e-42
8950.00000 1.276900e-42
9120.00000 1.322500e-42
9290.00000 1.368900e-42
9460.00000 1.416100e-42
9640.00000 1.464100e-42
9820.00000 1.537600e-42
