9.000000e+00 2.627483e-44
9.020471e+00 2.627483e-44
9.040989e+00 2.627483e-44
9.061553e+00 2.627483e-44
9.082164e+00 2.627483e-44
9.102822e+00 2.627483e-44
9.123527e+00 2.627483e-44
9.144279e+00 2.627483e-44
9.165079e+00 2.627483e-44
9.185925e+00 2.627483e-44
9.206819e+00 2.627483e-44
9.227761e+00 2.627483e-44
9.248750e+00 2.627483e-44
9.269787e+00 2.627483e-44
9.290872e+00 2.627483e-44
9.312005e+00 2.627483e-44
9.333185e+00 2.627483e-44
9.354414e+00 2.627483e-44
9.375692e+00 2.627483e-44
9.397017e+00 2.627483e-44
9.418391e+00 2.627483e-44
9.439814e+00 2.627483e-44
9.461286e+00 2.627483e-44
9.482806e+00 2.627483e-44
9.504375e+00 2.627483e-44
9.525994e+00 2.627483e-44
9.547661e+00 2.627483e-44
9.569378e+00 2.627483e-44
9.591144e+00 2.627483e-44
9.612960e+00 2.627483e-44
9.634825e+00 2.627483e-44
9.656741e+00 2.627483e-44
9.678705e+00 2.627483e-44
9.700720e+00 2.627483e-44
9.722785e+00 2.627483e-44
9.744900e+00 2.627483e-44
9.767066e+00 2.627483e-44
9.789282e+00 2.627483e-44
9.811548e+00 2.627483e-44
9.833865e+00 2.627483e-44
9.856233e+00 2.627483e-44
9.878652e+00 2.627483e-44
9.901121e+00 2.627483e-44
9.923642e+00 2.627483e-44
9.946214e+00 2.627483e-44
9.968838e+00 2.627483e-44
9.991512e+00 2.627483e-44
1.001424e+01 2.627483e-44
1.003702e+01 2.511383e-44
1.005985e+01 2.403556e-44
1.008273e+01 2.303231e-44
1.010566e+01 2.209723e-44
1.012865e+01 2.122423e-44
1.015169e+01 2.040787e-44
1.017478e+01 1.964327e-44
1.019792e+01 1.892609e-44
1.022112e+01 1.825239e-44
1.024437e+01 1.761864e-44
1.026767e+01 1.702167e-44
1.029102e+01 1.645858e-44
1.031443e+01 1.592677e-44
1.033789e+01 1.542388e-44
1.036140e+01 1.494776e-44
1.038497e+01 1.449646e-44
1.040859e+01 1.406819e-44
1.043227e+01 1.366133e-44
1.045600e+01 1.327439e-44
1.047978e+01 1.290601e-44
1.050362e+01 1.255495e-44
1.052751e+01 1.222006e-44
1.055145e+01 1.190029e-44
1.057545e+01 1.159467e-44
1.059951e+01 1.130231e-44
1.062362e+01 1.102239e-44
1.064778e+01 1.075415e-44
1.067200e+01 1.049688e-44
1.069628e+01 1.024995e-44
1.072060e+01 1.001274e-44
1.074499e+01 9.784704e-45
1.076943e+01 9.565319e-45
1.079393e+01 9.354106e-45
1.081848e+01 9.150617e-45
1.084308e+01 8.954435e-45
1.086775e+01 8.765174e-45
1.089247e+01 8.582471e-45
1.091724e+01 8.405989e-45
1.094208e+01 8.235412e-45
1.096696e+01 8.070446e-45
1.099191e+01 7.910815e-45
1.101691e+01 7.756260e-45
1.104197e+01 7.606540e-45
1.106708e+01 7.461427e-45
1.109226e+01 7.320708e-45
1.111749e+01 7.184182e-45
1.114278e+01 7.051662e-45
1.116812e+01 6.922971e-45
1.119352e+01 6.797941e-45
1.121898e+01 6.676415e-45
1.124450e+01 6.558246e-45
1.127008e+01 6.443294e-45
1.129571e+01 6.331426e-45
1.132141e+01 6.222517e-45
1.134716e+01 6.116451e-45
1.137297e+01 6.013115e-45
1.139884e+01 5.912404e-45
1.142476e+01 5.814217e-45
1.145075e+01 5.718460e-45
1.147680e+01 5.625043e-45
1.150290e+01 5.533880e-45
1.152906e+01 5.444891e-45
1.155529e+01 5.357997e-45
1.158157e+01 5.273126e-45
1.160791e+01 5.190208e-45
1.163432e+01 5.109176e-45
1.166078e+01 5.029967e-45
1.168730e+01 4.952521e-45
1.171389e+01 4.876780e-45
1.174053e+01 4.802689e-45
1.176724e+01 4.730195e-45
1.179400e+01 4.659249e-45
1.182083e+01 4.589801e-45
1.184771e+01 4.521807e-45
1.187466e+01 4.455223e-45
1.190167e+01 4.390005e-45
1.192874e+01 4.326115e-45
1.195588e+01 4.263512e-45
1.198307e+01 4.202161e-45
1.201033e+01 4.142025e-45
1.203765e+01 4.083070e-45
1.206503e+01 4.025263e-45
1.209247e+01 3.968573e-45
1.211997e+01 3.912969e-45
1.214754e+01 3.858422e-45
1.217517e+01 3.804904e-45
1.220287e+01 3.752387e-45
1.223062e+01 3.700846e-45
1.225844e+01 3.650255e-45
1.228632e+01 3.600590e-45
1.231427e+01 3.551828e-45
1.234228e+01 3.503945e-45
1.237035e+01 3.456920e-45
1.239849e+01 3.410733e-45
1.242669e+01 3.365361e-45
1.245496e+01 3.320786e-45
1.248329e+01 3.276989e-45
1.251168e+01 3.233951e-45
1.254014e+01 3.191654e-45
1.256866e+01 3.150081e-45
1.259725e+01 3.109215e-45
1.262590e+01 3.069040e-45
1.265462e+01 3.029540e-45
1.268341e+01 2.990700e-45
1.271226e+01 2.952504e-45
1.274117e+01 2.914940e-45
1.277015e+01 2.877992e-45
1.279920e+01 2.841647e-45
1.282831e+01 2.805892e-45
1.285749e+01 2.770714e-45
1.288674e+01 2.736101e-45
1.291605e+01 2.702041e-45
1.294543e+01 2.668522e-45
1.297487e+01 2.635532e-45
1.300438e+01 2.603061e-45
1.303396e+01 2.571098e-45
1.306361e+01 2.539632e-45
1.309332e+01 2.508653e-45
1.312310e+01 2.478151e-45
1.315295e+01 2.448117e-45
1.318287e+01 2.418541e-45
1.321286e+01 2.389413e-45
1.324291e+01 2.360726e-45
1.327303e+01 2.332470e-45
1.330322e+01 2.304636e-45
1.333348e+01 2.277217e-45
1.336381e+01 2.250205e-45
1.339421e+01 2.223591e-45
1.342467e+01 2.197368e-45
1.345521e+01 2.171528e-45
1.348581e+01 2.146065e-45
1.351649e+01 2.120970e-45
1.354723e+01 2.096238e-45
1.357805e+01 2.071861e-45
1.360893e+01 2.047833e-45
1.363988e+01 2.024147e-45
1.367091e+01 2.000796e-45
1.370200e+01 1.977776e-45
1.373317e+01 1.955080e-45
1.376441e+01 1.932701e-45
1.379572e+01 1.910635e-45
1.382710e+01 1.888875e-45
1.385855e+01 1.867416e-45
1.389007e+01 1.846253e-45
1.392166e+01 1.825381e-45
1.395333e+01 1.804794e-45
1.398507e+01 1.784487e-45
1.401688e+01 1.764456e-45
1.404876e+01 1.744696e-45
1.408071e+01 1.725202e-45
1.411274e+01 1.705969e-45
1.414484e+01 1.686994e-45
1.417701e+01 1.668271e-45
1.420926e+01 1.649797e-45
1.424158e+01 1.631567e-45
1.427397e+01 1.613577e-45
1.430644e+01 1.595823e-45
1.433898e+01 1.578302e-45
1.437160e+01 1.561009e-45
1.440429e+01 1.543940e-45
1.443705e+01 1.527093e-45
1.446989e+01 1.510463e-45
1.450280e+01 1.494047e-45
1.453579e+01 1.477841e-45
1.456885e+01 1.461842e-45
1.460199e+01 1.446047e-45
1.463520e+01 1.430452e-45
1.466849e+01 1.415055e-45
1.470186e+01 1.399852e-45
1.473530e+01 1.384840e-45
1.476881e+01 1.370016e-45
1.480241e+01 1.355377e-45
1.483607e+01 1.340921e-45
1.486982e+01 1.326644e-45
1.490364e+01 1.312544e-45
1.493754e+01 1.298618e-45
1.497152e+01 1.284864e-45
1.500557e+01 1.271278e-45
1.503970e+01 1.257859e-45
1.507391e+01 1.244603e-45
1.510820e+01 1.231509e-45
1.514256e+01 1.218573e-45
1.517701e+01 1.205794e-45
1.521153e+01 1.193169e-45
1.524613e+01 1.180697e-45
1.528081e+01 1.168374e-45
1.531556e+01 1.156198e-45
1.535040e+01 1.144168e-45
1.538532e+01 1.132281e-45
1.542031e+01 1.120535e-45
1.545538e+01 1.108929e-45
1.549054e+01 1.097460e-45
1.552577e+01 1.086126e-45
1.556109e+01 1.074925e-45
1.559648e+01 1.063856e-45
1.563196e+01 1.052916e-45
1.566751e+01 1.042104e-45
1.570315e+01 1.031418e-45
1.573887e+01 1.020856e-45
1.577467e+01 1.010417e-45
1.581055e+01 1.000098e-45
1.584651e+01 9.898987e-46
1.588255e+01 9.798167e-46
1.591868e+01 9.698506e-46
1.595489e+01 9.599988e-46
1.599118e+01 9.502597e-46
1.602755e+01 9.406319e-46
1.606401e+01 9.311137e-46
1.610055e+01 9.217038e-46
1.613717e+01 9.124007e-46
1.617387e+01 9.032029e-46
1.621066e+01 8.941091e-46
1.624753e+01 8.851179e-46
1.628449e+01 8.762279e-46
1.632153e+01 8.674378e-46
1.635866e+01 8.587462e-46
1.639586e+01 8.501520e-46
1.643316e+01 8.416537e-46
1.647054e+01 8.332503e-46
1.650800e+01 8.249403e-46
1.654555e+01 8.167227e-46
1.658318e+01 8.085963e-46
1.662090e+01 8.005598e-46
1.665871e+01 7.926121e-46
1.669660e+01 7.847521e-46
1.673458e+01 7.769787e-46
1.677264e+01 7.692907e-46
1.681079e+01 7.616872e-46
1.684903e+01 7.541669e-46
1.688735e+01 7.467289e-46
1.692576e+01 7.393722e-46
1.696426e+01 7.320957e-46
1.700285e+01 7.248984e-46
1.704152e+01 7.177794e-46
1.708029e+01 7.107376e-46
1.711914e+01 7.037722e-46
1.715807e+01 6.968821e-46
1.719710e+01 6.900665e-46
1.723622e+01 6.833244e-46
1.727542e+01 6.766549e-46
1.731472e+01 6.700572e-46
1.735410e+01 6.635304e-46
1.739357e+01 6.570736e-46
1.743314e+01 6.506859e-46
1.747279e+01 6.443666e-46
1.751253e+01 6.381148e-46
1.755237e+01 6.319296e-46
1.759229e+01 6.258104e-46
1.763230e+01 6.197563e-46
1.767241e+01 6.137665e-46
1.771261e+01 6.078402e-46
1.775290e+01 6.019768e-46
1.779328e+01 5.961755e-46
1.783375e+01 5.904354e-46
1.787431e+01 5.847560e-46
1.791497e+01 5.791365e-46
1.795572e+01 5.735762e-46
1.799656e+01 5.680743e-46
1.803749e+01 5.626303e-46
1.807852e+01 5.572434e-46
1.811964e+01 5.519130e-46
1.816086e+01 5.466384e-46
1.820216e+01 5.414190e-46
1.824357e+01 5.362541e-46
1.828506e+01 5.311431e-46
1.832665e+01 5.260854e-46
1.836834e+01 5.210804e-46
1.841012e+01 5.161274e-46
1.845199e+01 5.112259e-46
1.849396e+01 5.063753e-46
1.853603e+01 5.015749e-46
1.857819e+01 4.968243e-46
1.862045e+01 4.921229e-46
1.866280e+01 4.874701e-46
1.870525e+01 4.828653e-46
1.874780e+01 4.783080e-46
1.879044e+01 4.737977e-46
1.883318e+01 4.693339e-46
1.887602e+01 4.649159e-46
1.891895e+01 4.605434e-46
1.896199e+01 4.562158e-46
1.900512e+01 4.519326e-46
1.904835e+01 4.476932e-46
1.909167e+01 4.434973e-46
1.913510e+01 4.393443e-46
1.917862e+01 4.352338e-46
1.922225e+01 4.311652e-46
1.926597e+01 4.271382e-46
1.930979e+01 4.231522e-46
1.935371e+01 4.192068e-46
1.939773e+01 4.153016e-46
1.944185e+01 4.114361e-46
1.948608e+01 4.076098e-46
1.953040e+01 4.038224e-46
1.957482e+01 4.000735e-46
1.961935e+01 3.963625e-46
1.966397e+01 3.926891e-46
1.970870e+01 3.890529e-46
1.975353e+01 3.854534e-46
1.979846e+01 3.818904e-46
1.984349e+01 3.783633e-46
1.988863e+01 3.748718e-46
1.993386e+01 3.714155e-46
1.997921e+01 3.679940e-46
2.002465e+01 3.646069e-46
2.007020e+01 3.612540e-46
2.011585e+01 3.579347e-46
2.016160e+01 3.546488e-46
2.020746e+01 3.513958e-46
2.025342e+01 3.481755e-46
2.029949e+01 3.449875e-46
2.034567e+01 3.418314e-46
2.039194e+01 3.387069e-46
2.043833e+01 3.356136e-46
2.048481e+01 3.325513e-46
2.053141e+01 3.295196e-46
2.057811e+01 3.265181e-46
2.062491e+01 3.235466e-46
2.067183e+01 3.206047e-46
2.071885e+01 3.176922e-46
2.076597e+01 3.148086e-46
2.081321e+01 3.119537e-46
2.086055e+01 3.091273e-46
2.090800e+01 3.063289e-46
2.095555e+01 3.035583e-46
2.100322e+01 3.008153e-46
2.105099e+01 2.980994e-46
2.109887e+01 2.954105e-46
2.114686e+01 2.927482e-46
2.119496e+01 2.901123e-46
2.124317e+01 2.875025e-46
2.129149e+01 2.849185e-46
2.133992e+01 2.823601e-46
2.138846e+01 2.798269e-46
2.143711e+01 2.773188e-46
2.148587e+01 2.748354e-46
2.153474e+01 2.723765e-46
2.158372e+01 2.699419e-46
2.163282e+01 2.675313e-46
2.168202e+01 2.651444e-46
2.173134e+01 2.627810e-46
2.178077e+01 2.604409e-46
2.183031e+01 2.581238e-46
2.187997e+01 2.558294e-46
2.192973e+01 2.535576e-46
2.197962e+01 2.513082e-46
2.202961e+01 2.490808e-46
2.207972e+01 2.468752e-46
2.212994e+01 2.446913e-46
2.218028e+01 2.425288e-46
2.223073e+01 2.403874e-46
2.228129e+01 2.382671e-46
2.233197e+01 2.361675e-46
2.238277e+01 2.340884e-46
2.243368e+01 2.320297e-46
2.248471e+01 2.299910e-46
2.253585e+01 2.279723e-46
2.258711e+01 2.259733e-46
2.263848e+01 2.239939e-46
2.268998e+01 2.220337e-46
2.274159e+01 2.200927e-46
2.279331e+01 2.181705e-46
2.284516e+01 2.162671e-46
2.289712e+01 2.143823e-46
2.294920e+01 2.125157e-46
2.300140e+01 2.106674e-46
2.305372e+01 2.088370e-46
2.310616e+01 2.070244e-46
2.315871e+01 2.052295e-46
2.321139e+01 2.034520e-46
2.326419e+01 2.016917e-46
2.331710e+01 1.999485e-46
2.337014e+01 1.982223e-46
2.342330e+01 1.965128e-46
2.347657e+01 1.948198e-46
2.352997e+01 1.931433e-46
2.358349e+01 1.914830e-46
2.363714e+01 1.898388e-46
2.369090e+01 1.882105e-46
2.374479e+01 1.865980e-46
2.379880e+01 1.850011e-46
2.385293e+01 1.834196e-46
2.390718e+01 1.818534e-46
2.396156e+01 1.803023e-46
2.401606e+01 1.787662e-46
2.407069e+01 1.772450e-46
2.412544e+01 1.757384e-46
2.418032e+01 1.742464e-46
2.423532e+01 1.727688e-46
2.429044e+01 1.713054e-46
2.434569e+01 1.698561e-46
2.440107e+01 1.684208e-46
2.445657e+01 1.669993e-46
2.451220e+01 1.655915e-46
2.456795e+01 1.641972e-46
2.462383e+01 1.628164e-46
2.467984e+01 1.614489e-46
2.473598e+01 1.600945e-46
2.479224e+01 1.587531e-46
2.484863e+01 1.574246e-46
2.490515e+01 1.561089e-46
2.496180e+01 1.548058e-46
2.501858e+01 1.535152e-46
2.507549e+01 1.522371e-46
2.513252e+01 1.509711e-46
2.518969e+01 1.497174e-46
2.524698e+01 1.484756e-46
2.530441e+01 1.472458e-46
2.536197e+01 1.460277e-46
2.541965e+01 1.448213e-46
2.547747e+01 1.436265e-46
2.553542e+01 1.424431e-46
2.559350e+01 1.412710e-46
2.565172e+01 1.401102e-46
2.571006e+01 1.389604e-46
2.576854e+01 1.378217e-46
2.582716e+01 1.366938e-46
2.588590e+01 1.355767e-46
2.594478e+01 1.344703e-46
2.600379e+01 1.333745e-46
2.606294e+01 1.322891e-46
2.612222e+01 1.312141e-46
2.618164e+01 1.301493e-46
2.624119e+01 1.290947e-46
2.630088e+01 1.280502e-46
2.636070e+01 1.270156e-46
2.642066e+01 1.259909e-46
2.648076e+01 1.249760e-46
2.654099e+01 1.239707e-46
2.660136e+01 1.229751e-46
2.666187e+01 1.219889e-46
2.672251e+01 1.210120e-46
2.678329e+01 1.200445e-46
2.684421e+01 1.190862e-46
2.690527e+01 1.181370e-46
2.696647e+01 1.171969e-46
2.702781e+01 1.162657e-46
2.708928e+01 1.153433e-46
2.715090e+01 1.144297e-46
2.721266e+01 1.135248e-46
2.727455e+01 1.126284e-46
2.733659e+01 1.117406e-46
2.739877e+01 1.108612e-46
2.746109e+01 1.099902e-46
2.752355e+01 1.091274e-46
2.758616e+01 1.082729e-46
2.764890e+01 1.074264e-46
2.771179e+01 1.065879e-46
2.777483e+01 1.057574e-46
2.783800e+01 1.049348e-46
2.790132e+01 1.041200e-46
2.796479e+01 1.033129e-46
2.802839e+01 1.025134e-46
2.809215e+01 1.017215e-46
2.815604e+01 1.009371e-46
2.822009e+01 1.001601e-46
2.828427e+01 9.939049e-47
2.834861e+01 9.862815e-47
2.841309e+01 9.787301e-47
2.847772e+01 9.712502e-47
2.854249e+01 9.638410e-47
2.860741e+01 9.565018e-47
2.867248e+01 9.492319e-47
2.873770e+01 9.420307e-47
2.880307e+01 9.348975e-47
2.886858e+01 9.278317e-47
2.893425e+01 9.208326e-47
2.900006e+01 9.138995e-47
2.906602e+01 9.070319e-47
2.913213e+01 9.002290e-47
2.919840e+01 8.934903e-47
2.926481e+01 8.868151e-47
2.933138e+01 8.802029e-47
2.939809e+01 8.736530e-47
2.946496e+01 8.671648e-47
2.953198e+01 8.607377e-47
2.959915e+01 8.543711e-47
2.966648e+01 8.480645e-47
2.973396e+01 8.418173e-47
2.980159e+01 8.356288e-47
2.986937e+01 8.294986e-47
2.993731e+01 8.234261e-47
3.000541e+01 8.174106e-47
3.007366e+01 8.114518e-47
3.014206e+01 8.055489e-47
3.021062e+01 7.997015e-47
3.027934e+01 7.939091e-47
3.034821e+01 7.881711e-47
3.041724e+01 7.824870e-47
3.048643e+01 7.768562e-47
3.055577e+01 7.712783e-47
3.062527e+01 7.657528e-47
3.069493e+01 7.602791e-47
3.076475e+01 7.548568e-47
3.083472e+01 7.494853e-47
3.090486e+01 7.441642e-47
3.097516e+01 7.388929e-47
3.104561e+01 7.336711e-47
3.111623e+01 7.284982e-47
3.118700e+01 7.233738e-47
3.125794e+01 7.182973e-47
3.132904e+01 7.132684e-47
3.140030e+01 7.082866e-47
3.147172e+01 7.033514e-47
3.154330e+01 6.984624e-47
3.161505e+01 6.936191e-47
3.168696e+01 6.888211e-47
3.175904e+01 6.840680e-47
3.183128e+01 6.793593e-47
3.190368e+01 6.746946e-47
3.197624e+01 6.700735e-47
3.204898e+01 6.654956e-47
3.212187e+01 6.609604e-47
3.219494e+01 6.564676e-47
3.226817e+01 6.520167e-47
3.234156e+01 6.476074e-47
3.241513e+01 6.432391e-47
3.248886e+01 6.389117e-47
3.256276e+01 6.346246e-47
3.263682e+01 6.303774e-47
3.271106e+01 6.261699e-47
3.278546e+01 6.220016e-47
3.286003e+01 6.178721e-47
3.293478e+01 6.137810e-47
3.300969e+01 6.097281e-47
3.308477e+01 6.057128e-47
3.316002e+01 6.017350e-47
3.323545e+01 5.977942e-47
3.331105e+01 5.938900e-47
3.338681e+01 5.900221e-47
3.346275e+01 5.861902e-47
3.353887e+01 5.823939e-47
3.361515e+01 5.786329e-47
3.369161e+01 5.749069e-47
3.376825e+01 5.712154e-47
3.384506e+01 5.675582e-47
3.392204e+01 5.639350e-47
3.399920e+01 5.603454e-47
3.407653e+01 5.567891e-47
3.415404e+01 5.532657e-47
3.423173e+01 5.497751e-47
3.430959e+01 5.463168e-47
3.438763e+01 5.428906e-47
3.446585e+01 5.394961e-47
3.454424e+01 5.361330e-47
3.462281e+01 5.328011e-47
3.470157e+01 5.295001e-47
3.478050e+01 5.262295e-47
3.485961e+01 5.229893e-47
3.493890e+01 5.197790e-47
3.501837e+01 5.165984e-47
3.509802e+01 5.134472e-47
3.517785e+01 5.103251e-47
3.525787e+01 5.072319e-47
3.533806e+01 5.041672e-47
3.541844e+01 5.011309e-47
3.549901e+01 4.981226e-47
3.557975e+01 4.951420e-47
3.566068e+01 4.921889e-47
3.574179e+01 4.892631e-47
3.582309e+01 4.863642e-47
3.590457e+01 4.834920e-47
3.598624e+01 4.806463e-47
3.606809e+01 4.778269e-47
3.615013e+01 4.750333e-47
3.623236e+01 4.722655e-47
3.631477e+01 4.695232e-47
3.639737e+01 4.668061e-47
3.648016e+01 4.641140e-47
3.656314e+01 4.614466e-47
3.664630e+01 4.588037e-47
3.672966e+01 4.561852e-47
3.681320e+01 4.535906e-47
3.689693e+01 4.510199e-47
3.698086e+01 4.484728e-47
3.706497e+01 4.459491e-47
3.714928e+01 4.434485e-47
3.723378e+01 4.409708e-47
3.731847e+01 4.385158e-47
3.740335e+01 4.360833e-47
3.748843e+01 4.336731e-47
3.757370e+01 4.312850e-47
3.765916e+01 4.289187e-47
3.774482e+01 4.265741e-47
3.783068e+01 4.242509e-47
3.791672e+01 4.219490e-47
3.800297e+01 4.196680e-47
3.808941e+01 4.174080e-47
3.817605e+01 4.151685e-47
3.826288e+01 4.129495e-47
3.834991e+01 4.107508e-47
3.843714e+01 4.085721e-47
3.852457e+01 4.064133e-47
3.861220e+01 4.042741e-47
3.870002e+01 4.021544e-47
3.878805e+01 4.000541e-47
3.887627e+01 3.979728e-47
3.896470e+01 3.959105e-47
3.905333e+01 3.938670e-47
3.914216e+01 3.918420e-47
3.923119e+01 3.898355e-47
3.932042e+01 3.878471e-47
3.940986e+01 3.858768e-47
3.949950e+01 3.839244e-47
3.958935e+01 3.819898e-47
3.967940e+01 3.800726e-47
3.976965e+01 3.781729e-47
3.986011e+01 3.762903e-47
3.995077e+01 3.744248e-47
4.004164e+01 3.725762e-47
4.013272e+01 3.707443e-47
4.022401e+01 3.689290e-47
4.031550e+01 3.671301e-47
4.040720e+01 3.653475e-47
4.049911e+01 3.635809e-47
4.059122e+01 3.618303e-47
4.068355e+01 3.600955e-47
4.077609e+01 3.583764e-47
4.086884e+01 3.566727e-47
4.096180e+01 3.549844e-47
4.105497e+01 3.533113e-47
4.114835e+01 3.516533e-47
4.124194e+01 3.500101e-47
4.133575e+01 3.483818e-47
4.142977e+01 3.467681e-47
4.152401e+01 3.451689e-47
4.161846e+01 3.435840e-47
4.171312e+01 3.420134e-47
4.180800e+01 3.404568e-47
4.190310e+01 3.389142e-47
4.199841e+01 3.373855e-47
4.209394e+01 3.358704e-47
4.218968e+01 3.343689e-47
4.228565e+01 3.328808e-47
4.238183e+01 3.314060e-47
4.247823e+01 3.299444e-47
4.257485e+01 3.284958e-47
4.267169e+01 3.270602e-47
4.276875e+01 3.256374e-47
4.286603e+01 3.242272e-47
4.296353e+01 3.228297e-47
4.306125e+01 3.214445e-47
4.315920e+01 3.200717e-47
4.325737e+01 3.187111e-47
4.335576e+01 3.173626e-47
4.345437e+01 3.160261e-47
4.355321e+01 3.147015e-47
4.365228e+01 3.133886e-47
4.375157e+01 3.120873e-47
4.385108e+01 3.107976e-47
4.395083e+01 3.095193e-47
4.405080e+01 3.082523e-47
4.415099e+01 3.069965e-47
4.425142e+01 3.057518e-47
4.435207e+01 3.045181e-47
4.445295e+01 3.032953e-47
4.455406e+01 3.020832e-47
4.465541e+01 3.008819e-47
4.475698e+01 2.996911e-47
4.485878e+01 2.985109e-47
4.496081e+01 2.973410e-47
4.506308e+01 2.961814e-47
4.516558e+01 2.950320e-47
4.526831e+01 2.938926e-47
4.537128e+01 2.927633e-47
4.547448e+01 2.916439e-47
4.557791e+01 2.905342e-47
4.568158e+01 2.894343e-47
4.578549e+01 2.883440e-47
4.588963e+01 2.872632e-47
4.599401e+01 2.861919e-47
4.609863e+01 2.851299e-47
4.620348e+01 2.840772e-47
4.630857e+01 2.830337e-47
4.641391e+01 2.819992e-47
4.651948e+01 2.809738e-47
4.662529e+01 2.799572e-47
4.673134e+01 2.789495e-47
4.683764e+01 2.779505e-47
4.694417e+01 2.769602e-47
4.705095e+01 2.759785e-47
4.715797e+01 2.750053e-47
4.726523e+01 2.740405e-47
4.737274e+01 2.730840e-47
4.748050e+01 2.721358e-47
4.758849e+01 2.711958e-47
4.769674e+01 2.702639e-47
4.780523e+01 2.693400e-47
4.791396e+01 2.684240e-47
4.802295e+01 2.675160e-47
4.813218e+01 2.666157e-47
4.824166e+01 2.657232e-47
4.835139e+01 2.648383e-47
4.846137e+01 2.639610e-47
4.857159e+01 2.630912e-47
4.868207e+01 2.622289e-47
4.879280e+01 2.613739e-47
4.890379e+01 2.605262e-47
4.901502e+01 2.596858e-47
4.912651e+01 2.588525e-47
4.923825e+01 2.580263e-47
4.935025e+01 2.572071e-47
4.946250e+01 2.563949e-47
4.957500e+01 2.555896e-47
4.968777e+01 2.547911e-47
4.980078e+01 2.539994e-47
4.991406e+01 2.532143e-47
5.002759e+01 2.524360e-47
5.014138e+01 2.516641e-47
5.025543e+01 2.508988e-47
5.036974e+01 2.501400e-47
5.048431e+01 2.493875e-47
5.059914e+01 2.486414e-47
5.071423e+01 2.479015e-47
5.082959e+01 2.471679e-47
5.094520e+01 2.464403e-47
5.106108e+01 2.457189e-47
5.117722e+01 2.450035e-47
5.129363e+01 2.442941e-47
5.141030e+01 2.435906e-47
5.152724e+01 2.428930e-47
5.164444e+01 2.422012e-47
5.176191e+01 2.415151e-47
5.187964e+01 2.408348e-47
5.199765e+01 2.401601e-47
5.211592e+01 2.394909e-47
5.223446e+01 2.388274e-47
5.235327e+01 2.381693e-47
5.247235e+01 2.375166e-47
5.259171e+01 2.368693e-47
5.271133e+01 2.362274e-47
5.283122e+01 2.355907e-47
5.295139e+01 2.349593e-47
5.307183e+01 2.343330e-47
5.319255e+01 2.337119e-47
5.331354e+01 2.330959e-47
5.343481e+01 2.324849e-47
5.355635e+01 2.318789e-47
5.367816e+01 2.312779e-47
5.380026e+01 2.306817e-47
5.392263e+01 2.300904e-47
5.404528e+01 2.295039e-47
5.416821e+01 2.289222e-47
5.429142e+01 2.283451e-47
5.441491e+01 2.277728e-47
5.453868e+01 2.272050e-47
5.466273e+01 2.266419e-47
5.478707e+01 2.260833e-47
5.491168e+01 2.255291e-47
5.503659e+01 2.249795e-47
5.516177e+01 2.244342e-47
5.528724e+01 2.238933e-47
5.541299e+01 2.233568e-47
5.553903e+01 2.228245e-47
5.566536e+01 2.222965e-47
5.579198e+01 2.217727e-47
5.591888e+01 2.212530e-47
5.604607e+01 2.207375e-47
5.617355e+01 2.202261e-47
5.630132e+01 2.197187e-47
5.642938e+01 2.192153e-47
5.655774e+01 2.187159e-47
5.668638e+01 2.182205e-47
5.681532e+01 2.177289e-47
5.694455e+01 2.172412e-47
5.707407e+01 2.167574e-47
5.720389e+01 2.162773e-47
5.733401e+01 2.158010e-47
5.746442e+01 2.153284e-47
5.759512e+01 2.148595e-47
5.772613e+01 2.143942e-47
5.785743e+01 2.139326e-47
5.798903e+01 2.134745e-47
5.812093e+01 2.130200e-47
5.825313e+01 2.125690e-47
5.838563e+01 2.121215e-47
5.851843e+01 2.116774e-47
5.865154e+01 2.112368e-47
5.878494e+01 2.107995e-47
5.891865e+01 2.103656e-47
5.905267e+01 2.099351e-47
5.918699e+01 2.095078e-47
5.932161e+01 2.090837e-47
5.945654e+01 2.086629e-47
5.959178e+01 2.082453e-47
5.972733e+01 2.078309e-47
5.986318e+01 2.074196e-47
5.999935e+01 2.070114e-47
6.013582e+01 2.066063e-47
6.027260e+01 2.062043e-47
6.040970e+01 2.058052e-47
6.054710e+01 2.054092e-47
6.068482e+01 2.050161e-47
6.082285e+01 2.046260e-47
6.096120e+01 2.042388e-47
6.109986e+01 2.038545e-47
6.123883e+01 2.034730e-47
6.137813e+01 2.030944e-47
6.151774e+01 2.027185e-47
6.165766e+01 2.023455e-47
6.179791e+01 2.019752e-47
6.193847e+01 2.016076e-47
6.207935e+01 2.012427e-47
6.222056e+01 2.008805e-47
6.236208e+01 2.005210e-47
6.250393e+01 2.001641e-47
6.264610e+01 1.998098e-47
6.278859e+01 1.994580e-47
6.293141e+01 1.991088e-47
6.307455e+01 1.987622e-47
6.321802e+01 1.984180e-47
6.336181e+01 1.980764e-47
6.350593e+01 1.977372e-47
6.365038e+01 1.974004e-47
6.379516e+01 1.970660e-47
6.394027e+01 1.967341e-47
6.408570e+01 1.964045e-47
6.423147e+01 1.960773e-47
6.437757e+01 1.957524e-47
6.452400e+01 1.954297e-47
6.467076e+01 1.951094e-47
6.481786e+01 1.947914e-47
6.496529e+01 1.944755e-47
6.511306e+01 1.941619e-47
6.526117e+01 1.938505e-47
6.540961e+01 1.935413e-47
6.555839e+01 1.932343e-47
6.570750e+01 1.929293e-47
6.585696e+01 1.926265e-47
6.600676e+01 1.923258e-47
6.615689e+01 1.920272e-47
6.630737e+01 1.917307e-47
6.645819e+01 1.914362e-47
6.660936e+01 1.911437e-47
6.676086e+01 1.908532e-47
6.691272e+01 1.905647e-47
6.706491e+01 1.902782e-47
6.721746e+01 1.899936e-47
6.737035e+01 1.897109e-47
6.752359e+01 1.894302e-47
6.767717e+01 1.891514e-47
6.783111e+01 1.888744e-47
6.798540e+01 1.885993e-47
6.814003e+01 1.883261e-47
6.829502e+01 1.880547e-47
6.845037e+01 1.877851e-47
6.860606e+01 1.875173e-47
6.876211e+01 1.872513e-47
6.891851e+01 1.869870e-47
6.907527e+01 1.867245e-47
6.923239e+01 1.864637e-47
6.938986e+01 1.862046e-47
6.954770e+01 1.859472e-47
6.970589e+01 1.856916e-47
6.986444e+01 1.854375e-47
7.002335e+01 1.851852e-47
7.018262e+01 1.849344e-47
7.034226e+01 1.846853e-47
7.050226e+01 1.844378e-47
7.066262e+01 1.841919e-47
7.082335e+01 1.839476e-47
7.098444e+01 1.837049e-47
7.114590e+01 1.834637e-47
7.130772e+01 1.832240e-47
7.146992e+01 1.829859e-47
7.163248e+01 1.827492e-47
7.179542e+01 1.825141e-47
7.195872e+01 1.822804e-47
7.212239e+01 1.820482e-47
7.228644e+01 1.818175e-47
7.245086e+01 1.815882e-47
7.261566e+01 1.813604e-47
7.278083e+01 1.811339e-47
7.294637e+01 1.809089e-47
7.311229e+01 1.806853e-47
7.327859e+01 1.804630e-47
7.344527e+01 1.802421e-47
7.361233e+01 1.800225e-47
7.377976e+01 1.798043e-47
7.394758e+01 1.795875e-47
7.411578e+01 1.793719e-47
7.428436e+01 1.791577e-47
7.445332e+01 1.789447e-47
7.462267e+01 1.787331e-47
7.479241e+01 1.785227e-47
7.496253e+01 1.783136e-47
7.513304e+01 1.781057e-47
7.530393e+01 1.778990e-47
7.547522e+01 1.776936e-47
7.564689e+01 1.774894e-47
7.581895e+01 1.772864e-47
7.599141e+01 1.770847e-47
7.616426e+01 1.768841e-47
7.633750e+01 1.766846e-47
7.651113e+01 1.764864e-47
7.668516e+01 1.762892e-47
7.685959e+01 1.760933e-47
7.703441e+01 1.758984e-47
7.720963e+01 1.757047e-47
7.738525e+01 1.755121e-47
7.756127e+01 1.753206e-47
7.773769e+01 1.751302e-47
7.791451e+01 1.749409e-47
7.809173e+01 1.747527e-47
7.826935e+01 1.745655e-47
7.844738e+01 1.743794e-47
7.862582e+01 1.741944e-47
7.880466e+01 1.740104e-47
7.898390e+01 1.738274e-47
7.916356e+01 1.736454e-47
7.934362e+01 1.734644e-47
7.952409e+01 1.732845e-47
7.970498e+01 1.731055e-47
7.988627e+01 1.729276e-47
8.006798e+01 1.727506e-47
8.025010e+01 1.725745e-47
8.043263e+01 1.723995e-47
8.061558e+01 1.722254e-47
8.079895e+01 1.720522e-47
8.098273e+01 1.718800e-47
8.116693e+01 1.717087e-47
8.135155e+01 1.715383e-47
8.153659e+01 1.713689e-47
8.172205e+01 1.712003e-47
8.190793e+01 1.710327e-47
8.209424e+01 1.708659e-47
8.228097e+01 1.707000e-47
8.246812e+01 1.705350e-47
8.265570e+01 1.703709e-47
8.284371e+01 1.702076e-47
8.303214e+01 1.700452e-47
8.322100e+01 1.698836e-47
8.341030e+01 1.697229e-47
8.360002e+01 1.695630e-47
8.379017e+01 1.694039e-47
8.398076e+01 1.692457e-47
8.417178e+01 1.690882e-47
8.436323e+01 1.689316e-47
8.455512e+01 1.687758e-47
8.474745e+01 1.686207e-47
8.494021e+01 1.684664e-47
8.513342e+01 1.683130e-47
8.532706e+01 1.681603e-47
8.552114e+01 1.680083e-47
8.571567e+01 1.678571e-47
8.591063e+01 1.677067e-47
8.610604e+01 1.675570e-47
8.630190e+01 1.674081e-47
8.649820e+01 1.672599e-47
8.669494e+01 1.671125e-47
8.689214e+01 1.669657e-47
8.708978e+01 1.668197e-47
8.728787e+01 1.666744e-47
8.748641e+01 1.665298e-47
8.768541e+01 1.663859e-47
8.788485e+01 1.662427e-47
8.808475e+01 1.661002e-47
8.828511e+01 1.659583e-47
8.848592e+01 1.658172e-47
8.868719e+01 1.656767e-47
8.888891e+01 1.655369e-47
8.909109e+01 1.653978e-47
8.929374e+01 1.652593e-47
8.949684e+01 1.651214e-47
8.970041e+01 1.649843e-47
8.990444e+01 1.648477e-47
9.010893e+01 1.647118e-47
9.031389e+01 1.645766e-47
9.051932e+01 1.644419e-47
9.072521e+01 1.643079e-47
9.093157e+01 1.641745e-47
9.113840e+01 1.640417e-47
9.134570e+01 1.639096e-47
9.155347e+01 1.637780e-47
9.176172e+01 1.636470e-47
9.197044e+01 1.635166e-47
9.217963e+01 1.633869e-47
9.238930e+01 1.632577e-47
9.259945e+01 1.631291e-47
9.281007e+01 1.630010e-47
9.302117e+01 1.628736e-47
9.323276e+01 1.627467e-47
9.344482e+01 1.626204e-47
9.365737e+01 1.624946e-47
9.387040e+01 1.623694e-47
9.408391e+01 1.622447e-47
9.429791e+01 1.621206e-47
9.451240e+01 1.619971e-47
9.472737e+01 1.618741e-47
9.494284e+01 1.617516e-47
9.515879e+01 1.616296e-47
9.537524e+01 1.615082e-47
9.559218e+01 1.613873e-47
9.580961e+01 1.612670e-47
9.602753e+01 1.611471e-47
9.624595e+01 1.610278e-47
9.646487e+01 1.609089e-47
9.668429e+01 1.607906e-47
9.690420e+01 1.606728e-47
9.712462e+01 1.605555e-47
9.734554e+01 1.604387e-47
9.756695e+01 1.603223e-47
9.778888e+01 1.602065e-47
9.801130e+01 1.600911e-47
9.823424e+01 1.599763e-47
9.845768e+01 1.598619e-47
9.868163e+01 1.597480e-47
9.890609e+01 1.596345e-47
9.913106e+01 1.595216e-47
9.935654e+01 1.594091e-47
9.958253e+01 1.592970e-47
9.980904e+01 1.591855e-47
1.000361e+02 1.590743e-47
1.002636e+02 1.589637e-47
1.004917e+02 1.588535e-47
1.007202e+02 1.587437e-47
1.009493e+02 1.586344e-47
1.011789e+02 1.585255e-47
1.014091e+02 1.584171e-47
1.016397e+02 1.583091e-47
1.018709e+02 1.582015e-47
1.021026e+02 1.580943e-47
1.023349e+02 1.579876e-47
1.025676e+02 1.578814e-47
1.028009e+02 1.577755e-47
1.030348e+02 1.576701e-47
1.032691e+02 1.575651e-47
1.035040e+02 1.574604e-47
1.037395e+02 1.573563e-47
1.039754e+02 1.572525e-47
1.042119e+02 1.571491e-47
1.044490e+02 1.570461e-47
1.046865e+02 1.569436e-47
1.049246e+02 1.568414e-47
1.051633e+02 1.567396e-47
1.054025e+02 1.566383e-47
1.056423e+02 1.565373e-47
1.058825e+02 1.564367e-47
1.061234e+02 1.563365e-47
1.063648e+02 1.562367e-47
1.066067e+02 1.561373e-47
1.068492e+02 1.560382e-47
1.070922e+02 1.559396e-47
1.073358e+02 1.558413e-47
1.075800e+02 1.557434e-47
1.078246e+02 1.556458e-47
1.080699e+02 1.555487e-47
1.083157e+02 1.554519e-47
1.085621e+02 1.553554e-47
1.088090e+02 1.552594e-47
1.090565e+02 1.551637e-47
1.093046e+02 1.550683e-47
1.095532e+02 1.549733e-47
1.098024e+02 1.548787e-47
1.100521e+02 1.547844e-47
1.103025e+02 1.546905e-47
1.105533e+02 1.545969e-47
1.108048e+02 1.545037e-47
1.110568e+02 1.544109e-47
1.113094e+02 1.543183e-47
1.115626e+02 1.542261e-47
1.118164e+02 1.541343e-47
1.120707e+02 1.540428e-47
1.123256e+02 1.539517e-47
1.125811e+02 1.538608e-47
1.128372e+02 1.537703e-47
1.130939e+02 1.536802e-47
1.133511e+02 1.535904e-47
1.136089e+02 1.535009e-47
1.138673e+02 1.534117e-47
1.141263e+02 1.533229e-47
1.143859e+02 1.532344e-47
1.146461e+02 1.531462e-47
1.149069e+02 1.530583e-47
1.151682e+02 1.529708e-47
1.154302e+02 1.528836e-47
1.156927e+02 1.527967e-47
1.159559e+02 1.527101e-47
1.162196e+02 1.526238e-47
1.164840e+02 1.525379e-47
1.167489e+02 1.524522e-47
1.170145e+02 1.523669e-47
1.172807e+02 1.522819e-47
1.175474e+02 1.521972e-47
1.178148e+02 1.521127e-47
1.180828e+02 1.520286e-47
1.183514e+02 1.519448e-47
1.186205e+02 1.518614e-47
1.188904e+02 1.517782e-47
1.191608e+02 1.516953e-47
1.194318e+02 1.516127e-47
1.197035e+02 1.515304e-47
1.199758e+02 1.514484e-47
1.202486e+02 1.513667e-47
1.205222e+02 1.512853e-47
1.207963e+02 1.512042e-47
1.210711e+02 1.511234e-47
1.213464e+02 1.510428e-47
1.216225e+02 1.509626e-47
1.218991e+02 1.508826e-47
1.221764e+02 1.508030e-47
1.224543e+02 1.507236e-47
1.227328e+02 1.506445e-47
1.230120e+02 1.505657e-47
1.232918e+02 1.504872e-47
1.235722e+02 1.504089e-47
1.238533e+02 1.503310e-47
1.241350e+02 1.502533e-47
1.244173e+02 1.501759e-47
1.247003e+02 1.500988e-47
1.249840e+02 1.500220e-47
1.252682e+02 1.499454e-47
1.255532e+02 1.498691e-47
1.258388e+02 1.497931e-47
1.261250e+02 1.497174e-47
1.264119e+02 1.496419e-47
1.266994e+02 1.495667e-47
1.269876e+02 1.494918e-47
1.272764e+02 1.494171e-47
1.275659e+02 1.493427e-47
1.278561e+02 1.492686e-47
1.281469e+02 1.491948e-47
1.284384e+02 1.491212e-47
1.287305e+02 1.490479e-47
1.290233e+02 1.489749e-47
1.293168e+02 1.489021e-47
1.296109e+02 1.488296e-47
1.299058e+02 1.487573e-47
1.302012e+02 1.486853e-47
1.304974e+02 1.486136e-47
1.307942e+02 1.485421e-47
1.310917e+02 1.484709e-47
1.313899e+02 1.484000e-47
1.316887e+02 1.483293e-47
1.319883e+02 1.482589e-47
1.322885e+02 1.481887e-47
1.325894e+02 1.481188e-47
1.328910e+02 1.480492e-47
1.331932e+02 1.479798e-47
1.334962e+02 1.479106e-47
1.337999e+02 1.478417e-47
1.341042e+02 1.477731e-47
1.344092e+02 1.477047e-47
1.347149e+02 1.476366e-47
1.350214e+02 1.475687e-47
1.353285e+02 1.475011e-47
1.356363e+02 1.474337e-47
1.359448e+02 1.473666e-47
1.362540e+02 1.472998e-47
1.365639e+02 1.472331e-47
1.368746e+02 1.471668e-47
1.371859e+02 1.471007e-47
1.374979e+02 1.470348e-47
1.378107e+02 1.469692e-47
1.381241e+02 1.469038e-47
1.384383e+02 1.468387e-47
1.387532e+02 1.467738e-47
1.390688e+02 1.467092e-47
1.393851e+02 1.466448e-47
1.397022e+02 1.465806e-47
1.400199e+02 1.465167e-47
1.403384e+02 1.464531e-47
1.406576e+02 1.463897e-47
1.409776e+02 1.463265e-47
1.412982e+02 1.462636e-47
1.416196e+02 1.462009e-47
1.419417e+02 1.461385e-47
1.422646e+02 1.460763e-47
1.425882e+02 1.460143e-47
1.429125e+02 1.459526e-47
1.432376e+02 1.458912e-47
1.435634e+02 1.458299e-47
1.438899e+02 1.457689e-47
1.442172e+02 1.457082e-47
1.445452e+02 1.456477e-47
1.448740e+02 1.455874e-47
1.452036e+02 1.455274e-47
1.455338e+02 1.454676e-47
1.458649e+02 1.454081e-47
1.461966e+02 1.453488e-47
1.465292e+02 1.452897e-47
1.468625e+02 1.452309e-47
1.471965e+02 1.451723e-47
1.475313e+02 1.451139e-47
1.478669e+02 1.450558e-47
1.482032e+02 1.449979e-47
1.485403e+02 1.449403e-47
1.488782e+02 1.448829e-47
1.492168e+02 1.448257e-47
1.495562e+02 1.447688e-47
1.498964e+02 1.447121e-47
1.502373e+02 1.446556e-47
1.505791e+02 1.445994e-47
1.509216e+02 1.445434e-47
1.512649e+02 1.444877e-47
1.516089e+02 1.444321e-47
1.519538e+02 1.443769e-47
1.522994e+02 1.443218e-47
1.526458e+02 1.442670e-47
1.529930e+02 1.442124e-47
1.533410e+02 1.441581e-47
1.536898e+02 1.441040e-47
1.540394e+02 1.440501e-47
1.543897e+02 1.439965e-47
1.547409e+02 1.439431e-47
1.550929e+02 1.438899e-47
1.554457e+02 1.438370e-47
1.557992e+02 1.437843e-47
1.561536e+02 1.437318e-47
1.565088e+02 1.436796e-47
1.568648e+02 1.436276e-47
1.572216e+02 1.435759e-47
1.575792e+02 1.435243e-47
1.579376e+02 1.434730e-47
1.582969e+02 1.434220e-47
1.586569e+02 1.433712e-47
1.590178e+02 1.433206e-47
1.593795e+02 1.432702e-47
1.597420e+02 1.432201e-47
1.601053e+02 1.431702e-47
1.604695e+02 1.431206e-47
1.608345e+02 1.430711e-47
1.612003e+02 1.430220e-47
1.615670e+02 1.429730e-47
1.619345e+02 1.429243e-47
1.623028e+02 1.428758e-47
1.626720e+02 1.428276e-47
1.630420e+02 1.427796e-47
1.634129e+02 1.427318e-47
1.637846e+02 1.426842e-47
1.641571e+02 1.426369e-47
1.645305e+02 1.425898e-47
1.649047e+02 1.425430e-47
1.652798e+02 1.424964e-47
1.656557e+02 1.424500e-47
1.660325e+02 1.424039e-47
1.664102e+02 1.423580e-47
1.667887e+02 1.423123e-47
1.671681e+02 1.422669e-47
1.675483e+02 1.422217e-47
1.679294e+02 1.421767e-47
1.683114e+02 1.421320e-47
1.686942e+02 1.420875e-47
1.690779e+02 1.420433e-47
1.694625e+02 1.419993e-47
1.698480e+02 1.419555e-47
1.702343e+02 1.419119e-47
1.706215e+02 1.418686e-47
1.710096e+02 1.418256e-47
1.713986e+02 1.417827e-47
1.717884e+02 1.417401e-47
1.721792e+02 1.416978e-47
1.725708e+02 1.416556e-47
1.729633e+02 1.416138e-47
1.733567e+02 1.415721e-47
1.737511e+02 1.415307e-47
1.741463e+02 1.414895e-47
1.745424e+02 1.414486e-47
1.749394e+02 1.414079e-47
1.753373e+02 1.413674e-47
1.757361e+02 1.413272e-47
1.761358e+02 1.412872e-47
1.765365e+02 1.412475e-47
1.769380e+02 1.412080e-47
1.773405e+02 1.411687e-47
1.777438e+02 1.411297e-47
1.781481e+02 1.410909e-47
1.785533e+02 1.410524e-47
1.789595e+02 1.410141e-47
1.793665e+02 1.409760e-47
1.797745e+02 1.409382e-47
1.801834e+02 1.409006e-47
1.805933e+02 1.408633e-47
1.810040e+02 1.408262e-47
1.814157e+02 1.407894e-47
1.818284e+02 1.407528e-47
1.822420e+02 1.407164e-47
1.826565e+02 1.406803e-47
1.830719e+02 1.406444e-47
1.834884e+02 1.406088e-47
1.839057e+02 1.405734e-47
1.843240e+02 1.405382e-47
1.847433e+02 1.405033e-47
1.851635e+02 1.404687e-47
1.855847e+02 1.404343e-47
1.860068e+02 1.404001e-47
1.864299e+02 1.403662e-47
1.868539e+02 1.403325e-47
1.872789e+02 1.402991e-47
1.877049e+02 1.402659e-47
1.881319e+02 1.402330e-47
1.885598e+02 1.402003e-47
1.889887e+02 1.401679e-47
1.894185e+02 1.401357e-47
1.898494e+02 1.401038e-47
1.902812e+02 1.400721e-47
1.907140e+02 1.400406e-47
1.911478e+02 1.400094e-47
1.915826e+02 1.399785e-47
1.920184e+02 1.399478e-47
1.924551e+02 1.399174e-47
1.928929e+02 1.398872e-47
1.933316e+02 1.398573e-47
1.937714e+02 1.398276e-47
1.942121e+02 1.397982e-47
1.946539e+02 1.397690e-47
1.950966e+02 1.397401e-47
1.955404e+02 1.397114e-47
1.959851e+02 1.396830e-47
1.964309e+02 1.396549e-47
1.968777e+02 1.396270e-47
1.973255e+02 1.395993e-47
1.977744e+02 1.395719e-47
1.982242e+02 1.395448e-47
1.986751e+02 1.395179e-47
1.991270e+02 1.394913e-47
1.995799e+02 1.394650e-47
2.000339e+02 1.394389e-47
2.004889e+02 1.394130e-47
2.009449e+02 1.393875e-47
2.014020e+02 1.393622e-47
2.018601e+02 1.393371e-47
2.023192e+02 1.393123e-47
2.027794e+02 1.392878e-47
2.032406e+02 1.392635e-47
2.037029e+02 1.392395e-47
2.041662e+02 1.392157e-47
2.046306e+02 1.391923e-47
2.050961e+02 1.391690e-47
2.055626e+02 1.391461e-47
2.060302e+02 1.391234e-47
2.064988e+02 1.391010e-47
2.069685e+02 1.390788e-47
2.074392e+02 1.390569e-47
2.079111e+02 1.390353e-47
2.083840e+02 1.390140e-47
2.088580e+02 1.389929e-47
2.093330e+02 1.389721e-47
2.098092e+02 1.389515e-47
2.102864e+02 1.389313e-47
2.107647e+02 1.389112e-47
2.112441e+02 1.388915e-47
2.117246e+02 1.388721e-47
2.122062e+02 1.388529e-47
2.126889e+02 1.388340e-47
2.131726e+02 1.388153e-47
2.136575e+02 1.387969e-47
2.141435e+02 1.387789e-47
2.146306e+02 1.387610e-47
2.151188e+02 1.387435e-47
2.156081e+02 1.387262e-47
2.160985e+02 1.387093e-47
2.165900e+02 1.386925e-47
2.170827e+02 1.386761e-47
2.175764e+02 1.386600e-47
2.180713e+02 1.386441e-47
2.185674e+02 1.386285e-47
2.190645e+02 1.386132e-47
2.195628e+02 1.385982e-47
2.200622e+02 1.385834e-47
2.205627e+02 1.385690e-47
2.210644e+02 1.385548e-47
2.215672e+02 1.385409e-47
2.220712e+02 1.385273e-47
2.225763e+02 1.385140e-47
2.230826e+02 1.385009e-47
2.235900e+02 1.384882e-47
2.240986e+02 1.384757e-47
2.246083e+02 1.384636e-47
2.251192e+02 1.384517e-47
2.256312e+02 1.384401e-47
2.261445e+02 1.384288e-47
2.266588e+02 1.384178e-47
2.271744e+02 1.384071e-47
2.276911e+02 1.383967e-47
2.282090e+02 1.383865e-47
2.287281e+02 1.383767e-47
2.292484e+02 1.383672e-47
2.297698e+02 1.383579e-47
2.302924e+02 1.383490e-47
2.308162e+02 1.383403e-47
2.313412e+02 1.383320e-47
2.318674e+02 1.383239e-47
2.323948e+02 1.383162e-47
2.329234e+02 1.383087e-47
2.334532e+02 1.383016e-47
2.339843e+02 1.382947e-47
2.345165e+02 1.382882e-47
2.350499e+02 1.382819e-47
2.355845e+02 1.382760e-47
2.361204e+02 1.382704e-47
2.366575e+02 1.382650e-47
2.371957e+02 1.382600e-47
2.377353e+02 1.382553e-47
2.382760e+02 1.382509e-47
2.388180e+02 1.382468e-47
2.393612e+02 1.382430e-47
2.399056e+02 1.382396e-47
2.404513e+02 1.382364e-47
2.409982e+02 1.382336e-47
2.415464e+02 1.382310e-47
2.420958e+02 1.382288e-47
2.426465e+02 1.382269e-47
2.431984e+02 1.382253e-47
2.437516e+02 1.382241e-47
2.443060e+02 1.382231e-47
2.448617e+02 1.382225e-47
2.454187e+02 1.382222e-47
2.459769e+02 1.382222e-47
2.465364e+02 1.382225e-47
2.470971e+02 1.382231e-47
2.476592e+02 1.382241e-47
2.482225e+02 1.382254e-47
2.487871e+02 1.382270e-47
2.493530e+02 1.382290e-47
2.499201e+02 1.382313e-47
2.504886e+02 1.382339e-47
2.510584e+02 1.382368e-47
2.516294e+02 1.382401e-47
2.522018e+02 1.382437e-47
2.527754e+02 1.382476e-47
2.533504e+02 1.382519e-47
2.539266e+02 1.382564e-47
2.545042e+02 1.382614e-47
2.550831e+02 1.382666e-47
2.556633e+02 1.382722e-47
2.562448e+02 1.382782e-47
2.568277e+02 1.382844e-47
2.574118e+02 1.382911e-47
2.579973e+02 1.382980e-47
2.585842e+02 1.383053e-47
2.591723e+02 1.383130e-47
2.597618e+02 1.383209e-47
2.603527e+02 1.383293e-47
2.609449e+02 1.383379e-47
2.615384e+02 1.383470e-47
2.621333e+02 1.383563e-47
2.627295e+02 1.383661e-47
2.633271e+02 1.383761e-47
2.639261e+02 1.383865e-47
2.645264e+02 1.383973e-47
2.651281e+02 1.384084e-47
2.657312e+02 1.384199e-47
2.663356e+02 1.384318e-47
2.669414e+02 1.384439e-47
2.675486e+02 1.384565e-47
2.681571e+02 1.384694e-47
2.687671e+02 1.384827e-47
2.693784e+02 1.384963e-47
2.699911e+02 1.385103e-47
2.706052e+02 1.385246e-47
2.712207e+02 1.385393e-47
2.718376e+02 1.385544e-47
2.724559e+02 1.385699e-47
2.730757e+02 1.385857e-47
2.736968e+02 1.386019e-47
2.743193e+02 1.386184e-47
2.749433e+02 1.386354e-47
2.755687e+02 1.386527e-47
2.761955e+02 1.386703e-47
2.768237e+02 1.386884e-47
2.774534e+02 1.387068e-47
2.780844e+02 1.387256e-47
2.787170e+02 1.387448e-47
2.793509e+02 1.387643e-47
2.799863e+02 1.387843e-47
2.806232e+02 1.388046e-47
2.812615e+02 1.388253e-47
2.819012e+02 1.388464e-47
2.825424e+02 1.388678e-47
2.831851e+02 1.388897e-47
2.838292e+02 1.389120e-47
2.844748e+02 1.389346e-47
2.851219e+02 1.389576e-47
2.857704e+02 1.389810e-47
2.864204e+02 1.390048e-47
2.870719e+02 1.390291e-47
2.877248e+02 1.390537e-47
2.883793e+02 1.390787e-47
2.890352e+02 1.391041e-47
2.896927e+02 1.391299e-47
2.903516e+02 1.391561e-47
2.910120e+02 1.391827e-47
2.916739e+02 1.392097e-47
2.923374e+02 1.392371e-47
2.930023e+02 1.392649e-47
2.936688e+02 1.392931e-47
2.943367e+02 1.393218e-47
2.950062e+02 1.393508e-47
2.956772e+02 1.393803e-47
2.963498e+02 1.394101e-47
2.970239e+02 1.394404e-47
2.976995e+02 1.394711e-47
2.983766e+02 1.395022e-47
2.990553e+02 1.395338e-47
2.997355e+02 1.395657e-47
3.004173e+02 1.395981e-47
3.011006e+02 1.396309e-47
3.017855e+02 1.396642e-47
3.024719e+02 1.396978e-47
3.031599e+02 1.397319e-47
3.038494e+02 1.397664e-47
3.045406e+02 1.398013e-47
3.052333e+02 1.398367e-47
3.059275e+02 1.398725e-47
3.066234e+02 1.399088e-47
3.073208e+02 1.399455e-47
3.080199e+02 1.399826e-47
3.087205e+02 1.400201e-47
3.094227e+02 1.400581e-47
3.101265e+02 1.400966e-47
3.108319e+02 1.401355e-47
3.115389e+02 1.401748e-47
3.122475e+02 1.402146e-47
3.129577e+02 1.402548e-47
3.136696e+02 1.402955e-47
3.143830e+02 1.403366e-47
3.150981e+02 1.403782e-47
3.158148e+02 1.404202e-47
3.165332e+02 1.404627e-47
3.172532e+02 1.405057e-47
3.179748e+02 1.405491e-47
3.186980e+02 1.405930e-47
3.194229e+02 1.406373e-47
3.201495e+02 1.406821e-47
3.208777e+02 1.407274e-47
3.216075e+02 1.407731e-47
3.223391e+02 1.408193e-47
3.230722e+02 1.408660e-47
3.238071e+02 1.409132e-47
3.245436e+02 1.409608e-47
3.252818e+02 1.410089e-47
3.260217e+02 1.410575e-47
3.267632e+02 1.411066e-47
3.275065e+02 1.411561e-47
3.282514e+02 1.412061e-47
3.289981e+02 1.412566e-47
3.297464e+02 1.413077e-47
3.304964e+02 1.413591e-47
3.312482e+02 1.414111e-47
3.320016e+02 1.414636e-47
3.327568e+02 1.415166e-47
3.335136e+02 1.415700e-47
3.342722e+02 1.416240e-47
3.350326e+02 1.416785e-47
3.357946e+02 1.417334e-47
3.365584e+02 1.417889e-47
3.373239e+02 1.418449e-47
3.380912e+02 1.419014e-47
3.388602e+02 1.419584e-47
3.396310e+02 1.420159e-47
3.404035e+02 1.420739e-47
3.411778e+02 1.421324e-47
3.419538e+02 1.421914e-47
3.427316e+02 1.422510e-47
3.435112e+02 1.423111e-47
3.442925e+02 1.423717e-47
3.450756e+02 1.424328e-47
3.458605e+02 1.424945e-47
3.466472e+02 1.425567e-47
3.474357e+02 1.426194e-47
3.482259e+02 1.426826e-47
3.490180e+02 1.427464e-47
3.498119e+02 1.428108e-47
3.506075e+02 1.428756e-47
3.514050e+02 1.429410e-47
3.522043e+02 1.430069e-47
3.530054e+02 1.430734e-47
3.538084e+02 1.431405e-47
3.546131e+02 1.432080e-47
3.554197e+02 1.432762e-47
3.562282e+02 1.433449e-47
3.570384e+02 1.434141e-47
3.578505e+02 1.434839e-47
3.586645e+02 1.435542e-47
3.594803e+02 1.436252e-47
3.602980e+02 1.436966e-47
3.611175e+02 1.437687e-47
3.619389e+02 1.438413e-47
3.627621e+02 1.439145e-47
3.635872e+02 1.439882e-47
3.644142e+02 1.440625e-47
3.652431e+02 1.441374e-47
3.660739e+02 1.442129e-47
3.669066e+02 1.442890e-47
3.677411e+02 1.443656e-47
3.685776e+02 1.444429e-47
3.694159e+02 1.445207e-47
3.702562e+02 1.445991e-47
3.710984e+02 1.446781e-47
3.719425e+02 1.447577e-47
3.727885e+02 1.448379e-47
3.736364e+02 1.449187e-47
3.744863e+02 1.450001e-47
3.753381e+02 1.450820e-47
3.761918e+02 1.451647e-47
3.770475e+02 1.452479e-47
3.779051e+02 1.453317e-47
3.787647e+02 1.454161e-47
3.796262e+02 1.455012e-47
3.804897e+02 1.455868e-47
3.813551e+02 1.456731e-47
3.822225e+02 1.457600e-47
3.830919e+02 1.458476e-47
3.839633e+02 1.459357e-47
3.848366e+02 1.460245e-47
3.857120e+02 1.461140e-47
3.865893e+02 1.462040e-47
3.874686e+02 1.462947e-47
3.883500e+02 1.463861e-47
3.892333e+02 1.464781e-47
3.901186e+02 1.465707e-47
3.910060e+02 1.466640e-47
3.918954e+02 1.467579e-47
3.927867e+02 1.468525e-47
3.936802e+02 1.469478e-47
3.945756e+02 1.470437e-47
3.954731e+02 1.471402e-47
3.963726e+02 1.472375e-47
3.972742e+02 1.473354e-47
3.981778e+02 1.474339e-47
3.990835e+02 1.475332e-47
3.999913e+02 1.476331e-47
4.009011e+02 1.477337e-47
4.018130e+02 1.478350e-47
4.027269e+02 1.479370e-47
4.036429e+02 1.480396e-47
4.045611e+02 1.481430e-47
4.054813e+02 1.482470e-47
4.064036e+02 1.483517e-47
4.073279e+02 1.484572e-47
4.082544e+02 1.485633e-47
4.091830e+02 1.486702e-47
4.101138e+02 1.487777e-47
4.110466e+02 1.488860e-47
4.119815e+02 1.489950e-47
4.129186e+02 1.491047e-47
4.138578e+02 1.492151e-47
4.147992e+02 1.493262e-47
4.157427e+02 1.494381e-47
4.166883e+02 1.495507e-47
4.176361e+02 1.496641e-47
4.185860e+02 1.497782e-47
4.195381e+02 1.498930e-47
4.204924e+02 1.500086e-47
4.214489e+02 1.501249e-47
4.224075e+02 1.502420e-47
4.233683e+02 1.503598e-47
4.243312e+02 1.504785e-47
4.252964e+02 1.505978e-47
4.262638e+02 1.507180e-47
4.272334e+02 1.508389e-47
4.282051e+02 1.509606e-47
4.291791e+02 1.510831e-47
4.301553e+02 1.512064e-47
4.311337e+02 1.513305e-47
4.321144e+02 1.514554e-47
4.330972e+02 1.515811e-47
4.340823e+02 1.517076e-47
4.350697e+02 1.518350e-47
4.360593e+02 1.519631e-47
4.370511e+02 1.520921e-47
4.380452e+02 1.522220e-47
4.390416e+02 1.523527e-47
4.400402e+02 1.524843e-47
4.410411e+02 1.526167e-47
4.420443e+02 1.527501e-47
4.430498e+02 1.528843e-47
4.440575e+02 1.530194e-47
4.450676e+02 1.531555e-47
4.460799e+02 1.532925e-47
4.470945e+02 1.534305e-47
4.481115e+02 1.535695e-47
4.491308e+02 1.537095e-47
4.501523e+02 1.538505e-47
4.511762e+02 1.539926e-47
4.522025e+02 1.541358e-47
4.532310e+02 1.542802e-47
4.542619e+02 1.544258e-47
4.552952e+02 1.545727e-47
4.563308e+02 1.547210e-47
4.573688e+02 1.548707e-47
4.584091e+02 1.550220e-47
4.594518e+02 1.551751e-47
4.604968e+02 1.553301e-47
4.615442e+02 1.554873e-47
4.625941e+02 1.556471e-47
4.636463e+02 1.558098e-47
4.647009e+02 1.559760e-47
4.657578e+02 1.561466e-47
4.668172e+02 1.563226e-47
4.678791e+02 1.565057e-47
4.689433e+02 1.566984e-47
4.700099e+02 1.569043e-47
4.710790e+02 1.571294e-47
4.721505e+02 1.573839e-47
4.732244e+02 1.576861e-47
4.743008e+02 1.580719e-47
4.753796e+02 1.586198e-47
4.764609e+02 1.595300e-47
4.775447e+02 1.614501e-47
4.786309e+02 1.675671e-47
4.797196e+02 2.243498e-47
4.808107e+02 3.231027e-47
4.819044e+02 1.710581e-47
4.830005e+02 1.627745e-47
4.840991e+02 1.607866e-47
4.852002e+02 1.601006e-47
4.863038e+02 1.598476e-47
4.874100e+02 1.597790e-47
4.885186e+02 1.598024e-47
4.896298e+02 1.598769e-47
4.907435e+02 1.599821e-47
4.918597e+02 1.601072e-47
4.929785e+02 1.602458e-47
4.940998e+02 1.603939e-47
4.952237e+02 1.605490e-47
4.963501e+02 1.607096e-47
4.974791e+02 1.608746e-47
4.986106e+02 1.610430e-47
4.997447e+02 1.612144e-47
5.008814e+02 1.613883e-47
5.020207e+02 1.615645e-47
5.031626e+02 1.617426e-47
5.043071e+02 1.619226e-47
5.054542e+02 1.621043e-47
5.066039e+02 1.622875e-47
5.077562e+02 1.624722e-47
5.089111e+02 1.626583e-47
5.100687e+02 1.628458e-47
5.112288e+02 1.630346e-47
5.123917e+02 1.632248e-47
5.135571e+02 1.634161e-47
5.147253e+02 1.636087e-47
5.158960e+02 1.638026e-47
5.170695e+02 1.639976e-47
5.182456e+02 1.641938e-47
5.194244e+02 1.643912e-47
5.206058e+02 1.645898e-47
5.217900e+02 1.647895e-47
5.229768e+02 1.649904e-47
5.241664e+02 1.651925e-47
5.253586e+02 1.653957e-47
5.265536e+02 1.656001e-47
5.277513e+02 1.658057e-47
5.289517e+02 1.660124e-47
5.301548e+02 1.662202e-47
5.313607e+02 1.664292e-47
5.325693e+02 1.666394e-47
5.337807e+02 1.668508e-47
5.349948e+02 1.670633e-47
5.362117e+02 1.672769e-47
5.374314e+02 1.674918e-47
5.386538e+02 1.677078e-47
5.398790e+02 1.679250e-47
5.411070e+02 1.681433e-47
5.423378e+02 1.683629e-47
5.435713e+02 1.685836e-47
5.448077e+02 1.688055e-47
5.460469e+02 1.690287e-47
5.472890e+02 1.692530e-47
5.485338e+02 1.694785e-47
5.497815e+02 1.697053e-47
5.510320e+02 1.699332e-47
5.522854e+02 1.701624e-47
5.535416e+02 1.703927e-47
5.548006e+02 1.706243e-47
5.560626e+02 1.708572e-47
5.573274e+02 1.710913e-47
5.585951e+02 1.713266e-47
5.598656e+02 1.715631e-47
5.611391e+02 1.718009e-47
5.624154e+02 1.720400e-47
5.636947e+02 1.722803e-47
5.649768e+02 1.725219e-47
5.662619e+02 1.727648e-47
5.675499e+02 1.730089e-47
5.688409e+02 1.732543e-47
5.701347e+02 1.735010e-47
5.714315e+02 1.737490e-47
5.727313e+02 1.739983e-47
5.740340e+02 1.742489e-47
5.753397e+02 1.745008e-47
5.766483e+02 1.747540e-47
5.779600e+02 1.750085e-47
5.792746e+02 1.752644e-47
5.805922e+02 1.755215e-47
5.819128e+02 1.757801e-47
5.832364e+02 1.760399e-47
5.845630e+02 1.763011e-47
5.858926e+02 1.765637e-47
5.872253e+02 1.768276e-47
5.885610e+02 1.770929e-47
5.898997e+02 1.773595e-47
5.912415e+02 1.776275e-47
5.925863e+02 1.778969e-47
5.939342e+02 1.781677e-47
5.952851e+02 1.784399e-47
5.966391e+02 1.787135e-47
5.979962e+02 1.789885e-47
5.993564e+02 1.792649e-47
6.007197e+02 1.795427e-47
6.020861e+02 1.798219e-47
6.034555e+02 1.801026e-47
6.048281e+02 1.803847e-47
6.062039e+02 1.806683e-47
6.075827e+02 1.809533e-47
6.089647e+02 1.812397e-47
6.103498e+02 1.815276e-47
6.117381e+02 1.818170e-47
6.131296e+02 1.821079e-47
6.145242e+02 1.824002e-47
6.159219e+02 1.826940e-47
6.173229e+02 1.829893e-47
6.187270e+02 1.832861e-47
6.201344e+02 1.835844e-47
6.215449e+02 1.838842e-47
6.229587e+02 1.841856e-47
6.243756e+02 1.844885e-47
6.257958e+02 1.847929e-47
6.272192e+02 1.850988e-47
6.286459e+02 1.854063e-47
6.300758e+02 1.857153e-47
6.315089e+02 1.860259e-47
6.329454e+02 1.863381e-47
6.343850e+02 1.866518e-47
6.358280e+02 1.869671e-47
6.372742e+02 1.872840e-47
6.387237e+02 1.876025e-47
6.401766e+02 1.879226e-47
6.416327e+02 1.882443e-47
6.430921e+02 1.885676e-47
6.445549e+02 1.888925e-47
6.460210e+02 1.892191e-47
6.474904e+02 1.895473e-47
6.489632e+02 1.898771e-47
6.504393e+02 1.902086e-47
6.519187e+02 1.905417e-47
6.534016e+02 1.908765e-47
6.548878e+02 1.912130e-47
6.563774e+02 1.915511e-47
6.578703e+02 1.918910e-47
6.593667e+02 1.922325e-47
6.608665e+02 1.925757e-47
6.623697e+02 1.929207e-47
6.638763e+02 1.932673e-47
6.653863e+02 1.936157e-47
6.668998e+02 1.939658e-47
6.684167e+02 1.943177e-47
6.699371e+02 1.946713e-47
6.714609e+02 1.950266e-47
6.729882e+02 1.953837e-47
6.745189e+02 1.957426e-47
6.760532e+02 1.961033e-47
6.775909e+02 1.964657e-47
6.791321e+02 1.968299e-47
6.806769e+02 1.971959e-47
6.822251e+02 1.975638e-47
6.837769e+02 1.979334e-47
6.853322e+02 1.983049e-47
6.868910e+02 1.986782e-47
6.884534e+02 1.990534e-47
6.900193e+02 1.994304e-47
6.915888e+02 1.998092e-47
6.931619e+02 2.001899e-47
6.947385e+02 2.005725e-47
6.963188e+02 2.009570e-47
6.979026e+02 2.013434e-47
6.994900e+02 2.017316e-47
7.010811e+02 2.021218e-47
7.026757e+02 2.025139e-47
7.042740e+02 2.029079e-47
7.058759e+02 2.033038e-47
7.074815e+02 2.037017e-47
7.090907e+02 2.041015e-47
7.107036e+02 2.045033e-47
7.123201e+02 2.049070e-47
7.139403e+02 2.053128e-47
7.155642e+02 2.057205e-47
7.171918e+02 2.061302e-47
7.188231e+02 2.065418e-47
7.204582e+02 2.069555e-47
7.220969e+02 2.073713e-47
7.237394e+02 2.077890e-47
7.253855e+02 2.082088e-47
7.270355e+02 2.086306e-47
7.286892e+02 2.090545e-47
7.303466e+02 2.094805e-47
7.320079e+02 2.099085e-47
7.336729e+02 2.103386e-47
7.353417e+02 2.107708e-47
7.370142e+02 2.112051e-47
7.386906e+02 2.116415e-47
7.403708e+02 2.120800e-47
7.420549e+02 2.125207e-47
7.437427e+02 2.129634e-47
7.454344e+02 2.134084e-47
7.471300e+02 2.138555e-47
7.488294e+02 2.143047e-47
7.505326e+02 2.147562e-47
7.522398e+02 2.152098e-47
7.539508e+02 2.156656e-47
7.556657e+02 2.161236e-47
7.573845e+02 2.165839e-47
7.591072e+02 2.170463e-47
7.608339e+02 2.175110e-47
7.625644e+02 2.179779e-47
7.642989e+02 2.184471e-47
7.660374e+02 2.189186e-47
7.677798e+02 2.193923e-47
7.695262e+02 2.198683e-47
7.712765e+02 2.203466e-47
7.730308e+02 2.208273e-47
7.747891e+02 2.213102e-47
7.765515e+02 2.217954e-47
7.783178e+02 2.222830e-47
7.800881e+02 2.227730e-47
7.818625e+02 2.232653e-47
7.836409e+02 2.237599e-47
7.854233e+02 2.242570e-47
7.872098e+02 2.247564e-47
7.890004e+02 2.252582e-47
7.907950e+02 2.257624e-47
7.925937e+02 2.262691e-47
7.943966e+02 2.267782e-47
7.962035e+02 2.272897e-47
7.980145e+02 2.278037e-47
7.998296e+02 2.283201e-47
8.016489e+02 2.288390e-47
8.034723e+02 2.293604e-47
8.052999e+02 2.298843e-47
8.071316e+02 2.304107e-47
8.089674e+02 2.309397e-47
8.108075e+02 2.314711e-47
8.126517e+02 2.320051e-47
8.145002e+02 2.325417e-47
8.163528e+02 2.330808e-47
8.182097e+02 2.336225e-47
8.200707e+02 2.341668e-47
8.219360e+02 2.347136e-47
8.238056e+02 2.352631e-47
8.256794e+02 2.358152e-47
8.275575e+02 2.363700e-47
8.294398e+02 2.369274e-47
8.313264e+02 2.374874e-47
8.332173e+02 2.380501e-47
8.351125e+02 2.386155e-47
8.370121e+02 2.391836e-47
8.389159e+02 2.397544e-47
8.408241e+02 2.403279e-47
8.427366e+02 2.409041e-47
8.446535e+02 2.414831e-47
8.465747e+02 2.420649e-47
8.485003e+02 2.426494e-47
8.504302e+02 2.432366e-47
8.523646e+02 2.438267e-47
8.543034e+02 2.444196e-47
8.562465e+02 2.450153e-47
8.581941e+02 2.456138e-47
8.601462e+02 2.462152e-47
8.621026e+02 2.468194e-47
8.640635e+02 2.474264e-47
8.660289e+02 2.480364e-47
8.679987e+02 2.486493e-47
8.699731e+02 2.492650e-47
8.719519e+02 2.498837e-47
8.739352e+02 2.505053e-47
8.759230e+02 2.511299e-47
8.779154e+02 2.517574e-47
8.799123e+02 2.523879e-47
8.819137e+02 2.530213e-47
8.839197e+02 2.536578e-47
8.859302e+02 2.542973e-47
8.879453e+02 2.549398e-47
8.899650e+02 2.555853e-47
8.919893e+02 2.562339e-47
8.940182e+02 2.568856e-47
8.960517e+02 2.575404e-47
8.980898e+02 2.581982e-47
9.001326e+02 2.588592e-47
9.021800e+02 2.595232e-47
9.042321e+02 2.601905e-47
9.062888e+02 2.608608e-47
9.083502e+02 2.615344e-47
9.104163e+02 2.622111e-47
9.124871e+02 2.628910e-47
9.145626e+02 2.635742e-47
9.166429e+02 2.642606e-47
9.187279e+02 2.649502e-47
9.208176e+02 2.656431e-47
9.229120e+02 2.663393e-47
9.250113e+02 2.670387e-47
9.271153e+02 2.677416e-47
9.292240e+02 2.684477e-47
9.313376e+02 2.691573e-47
9.334560e+02 2.698702e-47
9.355792e+02 2.705867e-47
9.377073e+02 2.713066e-47
9.398402e+02 2.720301e-47
9.419779e+02 2.727574e-47
9.441205e+02 2.734885e-47
9.462680e+02 2.742238e-47
9.484203e+02 2.749640e-47
9.505776e+02 2.757103e-47
9.527397e+02 2.764660e-47
9.549068e+02 2.772413e-47
9.570788e+02 2.780840e-47
9.592557e+02 2.795889e-47
9.614376e+02 2.841436e-47
9.636245e+02 2.804544e-47
9.658163e+02 2.810463e-47
9.680131e+02 2.817728e-47
9.702149e+02 2.825284e-47
9.724218e+02 2.832958e-47
9.746336e+02 2.840703e-47
9.768505e+02 2.848502e-47
9.790724e+02 2.856346e-47
9.812994e+02 2.864233e-47
9.835314e+02 2.872160e-47
9.857685e+02 2.880126e-47
9.880107e+02 2.888132e-47
9.902580e+02 2.896176e-47
9.925104e+02 2.904258e-47
9.947679e+02 2.912379e-47
9.970306e+02 2.920538e-47
9.992984e+02 2.928736e-47
1.001571e+03 2.936973e-47
1.003850e+03 2.945248e-47
1.006133e+03 2.953562e-47
1.008421e+03 2.961915e-47
1.010715e+03 2.970307e-47
1.013014e+03 2.978739e-47
1.015318e+03 2.987210e-47
1.017628e+03 2.995721e-47
1.019942e+03 3.004271e-47
1.022262e+03 3.012862e-47
1.024587e+03 3.021492e-47
1.026918e+03 3.030163e-47
1.029254e+03 3.038875e-47
1.031595e+03 3.047627e-47
1.033941e+03 3.056420e-47
1.036293e+03 3.065254e-47
1.038650e+03 3.074130e-47
1.041013e+03 3.083046e-47
1.043381e+03 3.092005e-47
1.045754e+03 3.101005e-47
1.048132e+03 3.110047e-47
1.050516e+03 3.119131e-47
1.052906e+03 3.128257e-47
1.055301e+03 3.137427e-47
1.057701e+03 3.146638e-47
1.060107e+03 3.155893e-47
1.062518e+03 3.165191e-47
1.064935e+03 3.174532e-47
1.067357e+03 3.183917e-47
1.069785e+03 3.193345e-47
1.072218e+03 3.202817e-47
1.074657e+03 3.212334e-47
1.077102e+03 3.221894e-47
1.079552e+03 3.231499e-47
1.082007e+03 3.241149e-47
1.084468e+03 3.250844e-47
1.086935e+03 3.260584e-47
1.089407e+03 3.270369e-47
1.091885e+03 3.280199e-47
1.094369e+03 3.290075e-47
1.096858e+03 3.299998e-47
1.099353e+03 3.309966e-47
1.101853e+03 3.319980e-47
1.104360e+03 3.330042e-47
1.106872e+03 3.340150e-47
1.109389e+03 3.350304e-47
1.111913e+03 3.360506e-47
1.114442e+03 3.370756e-47
1.116977e+03 3.381053e-47
1.119517e+03 3.391397e-47
1.122064e+03 3.401790e-47
1.124616e+03 3.412231e-47
1.127174e+03 3.422721e-47
1.129738e+03 3.433259e-47
1.132307e+03 3.443846e-47
1.134883e+03 3.454482e-47
1.137464e+03 3.465168e-47
1.140051e+03 3.475903e-47
1.142645e+03 3.486688e-47
1.145244e+03 3.497523e-47
1.147849e+03 3.508408e-47
1.150459e+03 3.519343e-47
1.153076e+03 3.530330e-47
1.155699e+03 3.541367e-47
1.158328e+03 3.552455e-47
1.160962e+03 3.563595e-47
1.163603e+03 3.574786e-47
1.166250e+03 3.586030e-47
1.168903e+03 3.597325e-47
1.171561e+03 3.608672e-47
1.174226e+03 3.620073e-47
1.176897e+03 3.631526e-47
1.179574e+03 3.643032e-47
1.182257e+03 3.654591e-47
1.184946e+03 3.666204e-47
1.187641e+03 3.677870e-47
1.190343e+03 3.689591e-47
1.193050e+03 3.701365e-47
1.195764e+03 3.713195e-47
1.198484e+03 3.725078e-47
1.201210e+03 3.737017e-47
1.203942e+03 3.749012e-47
1.206680e+03 3.761061e-47
1.209425e+03 3.773167e-47
1.212176e+03 3.785328e-47
1.214933e+03 3.797546e-47
1.217697e+03 3.809820e-47
1.220466e+03 3.822150e-47
1.223242e+03 3.834538e-47
1.226025e+03 3.846983e-47
1.228813e+03 3.859486e-47
1.231608e+03 3.872046e-47
1.234410e+03 3.884665e-47
1.237218e+03 3.897341e-47
1.240032e+03 3.910077e-47
1.242852e+03 3.922871e-47
1.245679e+03 3.935724e-47
1.248513e+03 3.948637e-47
1.251352e+03 3.961609e-47
1.254199e+03 3.974641e-47
1.257051e+03 3.987733e-47
1.259911e+03 4.000886e-47
1.262776e+03 4.014099e-47
1.265649e+03 4.027374e-47
1.268528e+03 4.040710e-47
1.271413e+03 4.054107e-47
1.274305e+03 4.067566e-47
1.277203e+03 4.081087e-47
1.280108e+03 4.094671e-47
1.283020e+03 4.108317e-47
1.285938e+03 4.122026e-47
1.288863e+03 4.135799e-47
1.291795e+03 4.149635e-47
1.294733e+03 4.163534e-47
1.297678e+03 4.177498e-47
1.300630e+03 4.191527e-47
1.303588e+03 4.205620e-47
1.306553e+03 4.219778e-47
1.309525e+03 4.234001e-47
1.312504e+03 4.248290e-47
1.315489e+03 4.262644e-47
1.318481e+03 4.277065e-47
1.321480e+03 4.291552e-47
1.324486e+03 4.306107e-47
1.327499e+03 4.320728e-47
1.330518e+03 4.335416e-47
1.333545e+03 4.350172e-47
1.336578e+03 4.364996e-47
1.339618e+03 4.379889e-47
1.342665e+03 4.394850e-47
1.345719e+03 4.409880e-47
1.348780e+03 4.424979e-47
1.351848e+03 4.440148e-47
1.354923e+03 4.455386e-47
1.358005e+03 4.470695e-47
1.361093e+03 4.486074e-47
1.364189e+03 4.501525e-47
1.367292e+03 4.517046e-47
1.370402e+03 4.532638e-47
1.373519e+03 4.548303e-47
1.376644e+03 4.564039e-47
1.379775e+03 4.579848e-47
1.382913e+03 4.595730e-47
1.386059e+03 4.611685e-47
1.389211e+03 4.627713e-47
1.392371e+03 4.643815e-47
1.395538e+03 4.659992e-47
1.398713e+03 4.676242e-47
1.401894e+03 4.692568e-47
1.405083e+03 4.708969e-47
1.408279e+03 4.725445e-47
1.411482e+03 4.741998e-47
1.414692e+03 4.758627e-47
1.417910e+03 4.775332e-47
1.421135e+03 4.792116e-47
1.424368e+03 4.808979e-47
1.427608e+03 4.825923e-47
1.430855e+03 4.842955e-47
1.434110e+03 4.860095e-47
1.437371e+03 4.877488e-47
1.440641e+03 4.911007e-47
1.443918e+03 4.912335e-47
1.447202e+03 4.929279e-47
1.450494e+03 4.946697e-47
1.453793e+03 4.964242e-47
1.457100e+03 4.981881e-47
1.460414e+03 4.999606e-47
1.463736e+03 5.017414e-47
1.467065e+03 5.035306e-47
1.470402e+03 5.053280e-47
1.473747e+03 5.071337e-47
1.477099e+03 5.089478e-47
1.480459e+03 5.107702e-47
1.483826e+03 5.126010e-47
1.487201e+03 5.144402e-47
1.490584e+03 5.162878e-47
1.493974e+03 5.181440e-47
1.497372e+03 5.200087e-47
1.500778e+03 5.218819e-47
1.504192e+03 5.237637e-47
1.507613e+03 5.256542e-47
1.511042e+03 5.275534e-47
1.514479e+03 5.294613e-47
1.517924e+03 5.313779e-47
1.521377e+03 5.333034e-47
1.524837e+03 5.352377e-47
1.528306e+03 5.371809e-47
1.531782e+03 5.391329e-47
1.535266e+03 5.410940e-47
1.538758e+03 5.430640e-47
1.542258e+03 5.450431e-47
1.545766e+03 5.470313e-47
1.549282e+03 5.490286e-47
1.552806e+03 5.510350e-47
1.556338e+03 5.530507e-47
1.559878e+03 5.550756e-47
1.563426e+03 5.571098e-47
1.566982e+03 5.591533e-47
1.570546e+03 5.612062e-47
1.574119e+03 5.632686e-47
1.577699e+03 5.653404e-47
1.581288e+03 5.674216e-47
1.584884e+03 5.695125e-47
1.588489e+03 5.716129e-47
1.592103e+03 5.737230e-47
1.595724e+03 5.758427e-47
1.599353e+03 5.779721e-47
1.602991e+03 5.801113e-47
1.606637e+03 5.822604e-47
1.610292e+03 5.844192e-47
1.613955e+03 5.865880e-47
1.617626e+03 5.887667e-47
1.621305e+03 5.909554e-47
1.624993e+03 5.931542e-47
1.628689e+03 5.953630e-47
1.632394e+03 5.975820e-47
1.636107e+03 5.998111e-47
1.639828e+03 6.020504e-47
1.643558e+03 6.043000e-47
1.647296e+03 6.065599e-47
1.651043e+03 6.088302e-47
1.654799e+03 6.111108e-47
1.658563e+03 6.134019e-47
1.662335e+03 6.157036e-47
1.666116e+03 6.180157e-47
1.669906e+03 6.203385e-47
1.673704e+03 6.226719e-47
1.677511e+03 6.250160e-47
1.681327e+03 6.273708e-47
1.685151e+03 6.297364e-47
1.688984e+03 6.321129e-47
1.692826e+03 6.345002e-47
1.696676e+03 6.368985e-47
1.700535e+03 6.393077e-47
1.704403e+03 6.417280e-47
1.708280e+03 6.441594e-47
1.712166e+03 6.466019e-47
1.716060e+03 6.490556e-47
1.719963e+03 6.515206e-47
1.723876e+03 6.539968e-47
1.727797e+03 6.564844e-47
1.731727e+03 6.589833e-47
1.735666e+03 6.614937e-47
1.739614e+03 6.640156e-47
1.743570e+03 6.665491e-47
1.747536e+03 6.690941e-47
1.751511e+03 6.716508e-47
1.755495e+03 6.742192e-47
1.759488e+03 6.767994e-47
1.763490e+03 6.793913e-47
1.767501e+03 6.819952e-47
1.771522e+03 6.846109e-47
1.775551e+03 6.872386e-47
1.779590e+03 6.898784e-47
1.783638e+03 6.925302e-47
1.787695e+03 6.951942e-47
1.791761e+03 6.978704e-47
1.795836e+03 7.005588e-47
1.799921e+03 7.032595e-47
1.804015e+03 7.059726e-47
1.808118e+03 7.086981e-47
1.812231e+03 7.114361e-47
1.816353e+03 7.141866e-47
1.820485e+03 7.169496e-47
1.824625e+03 7.197254e-47
1.828776e+03 7.225138e-47
1.832935e+03 7.253150e-47
1.837104e+03 7.281290e-47
1.841283e+03 7.309558e-47
1.845471e+03 7.337957e-47
1.849669e+03 7.366485e-47
1.853876e+03 7.395143e-47
1.858093e+03 7.423933e-47
1.862319e+03 7.452854e-47
1.866555e+03 7.481908e-47
1.870801e+03 7.511094e-47
1.875056e+03 7.540414e-47
1.879321e+03 7.569869e-47
1.883596e+03 7.599458e-47
1.887880e+03 7.629182e-47
1.892174e+03 7.659043e-47
1.896478e+03 7.689040e-47
1.900792e+03 7.719175e-47
1.905115e+03 7.749449e-47
1.909448e+03 7.779864e-47
1.913792e+03 7.810428e-47
1.918145e+03 7.841224e-47
1.922508e+03 7.873576e-47
1.926881e+03 7.902943e-47
1.931263e+03 7.934018e-47
1.935656e+03 7.965263e-47
1.940059e+03 7.996657e-47
1.944472e+03 8.028196e-47
1.948895e+03 8.059880e-47
1.953327e+03 8.091709e-47
1.957770e+03 8.123683e-47
1.962224e+03 8.155804e-47
1.966687e+03 8.188072e-47
1.971160e+03 8.220488e-47
1.975644e+03 8.253051e-47
1.980137e+03 8.285764e-47
1.984641e+03 8.318626e-47
1.989156e+03 8.351638e-47
1.993680e+03 8.384801e-47
1.998215e+03 8.418116e-47
2.002760e+03 8.451583e-47
2.007315e+03 8.485203e-47
2.011881e+03 8.518977e-47
2.016457e+03 8.552905e-47
2.021044e+03 8.586988e-47
2.025641e+03 8.621227e-47
2.030248e+03 8.655622e-47
2.034866e+03 8.690175e-47
2.039495e+03 8.724885e-47
2.044134e+03 8.759754e-47
2.048783e+03 8.794782e-47
2.053443e+03 8.829971e-47
2.058114e+03 8.865320e-47
2.062795e+03 8.900831e-47
2.067487e+03 8.936504e-47
2.072190e+03 8.972340e-47
2.076903e+03 9.008339e-47
2.081627e+03 9.044504e-47
2.086362e+03 9.080833e-47
2.091108e+03 9.117328e-47
2.095864e+03 9.153991e-47
2.100631e+03 9.190820e-47
2.105409e+03 9.227818e-47
2.110198e+03 9.264985e-47
2.114998e+03 9.302322e-47
2.119809e+03 9.339829e-47
2.124630e+03 9.377508e-47
2.129463e+03 9.415358e-47
2.134307e+03 9.453382e-47
2.139161e+03 9.491579e-47
2.144027e+03 9.529951e-47
2.148904e+03 9.568498e-47
2.153791e+03 9.607221e-47
2.158690e+03 9.646121e-47
2.163601e+03 9.685199e-47
2.168522e+03 9.724455e-47
2.173454e+03 9.763891e-47
2.178398e+03 9.803506e-47
2.183353e+03 9.843303e-47
2.188319e+03 9.883281e-47
2.193296e+03 9.923442e-47
2.198285e+03 9.963786e-47
2.203285e+03 1.000431e-46
2.208297e+03 1.004503e-46
2.213320e+03 1.008593e-46
2.218354e+03 1.012701e-46
2.223400e+03 1.016829e-46
2.228457e+03 1.020975e-46
2.233526e+03 1.025140e-46
2.238606e+03 1.029324e-46
2.243698e+03 1.033528e-46
2.248802e+03 1.037750e-46
2.253917e+03 1.041992e-46
2.259043e+03 1.046253e-46
2.264182e+03 1.050534e-46
2.269332e+03 1.054834e-46
2.274494e+03 1.059153e-46
2.279667e+03 1.063493e-46
2.284852e+03 1.067852e-46
2.290049e+03 1.072231e-46
2.295258e+03 1.076631e-46
2.300479e+03 1.081050e-46
2.305712e+03 1.085489e-46
2.310956e+03 1.089949e-46
2.316213e+03 1.094429e-46
2.321481e+03 1.098930e-46
2.326761e+03 1.103451e-46
2.332054e+03 1.107992e-46
2.337358e+03 1.112555e-46
2.342675e+03 1.117138e-46
2.348003e+03 1.121742e-46
2.353344e+03 1.126367e-46
2.358697e+03 1.131014e-46
2.364062e+03 1.135681e-46
2.369439e+03 1.140370e-46
2.374828e+03 1.145080e-46
2.380230e+03 1.149812e-46
2.385644e+03 1.154566e-46
2.391070e+03 1.159341e-46
2.396509e+03 1.164139e-46
2.401960e+03 1.265855e-46
2.407424e+03 1.173799e-46
2.412899e+03 1.178660e-46
2.418388e+03 1.183545e-46
2.423889e+03 1.188452e-46
2.429402e+03 1.193381e-46
2.434928e+03 1.198333e-46
2.440466e+03 1.203308e-46
2.446017e+03 1.208306e-46
2.451581e+03 1.213326e-46
2.457157e+03 1.218369e-46
2.462746e+03 1.223435e-46
2.468348e+03 1.228525e-46
2.473962e+03 1.233637e-46
2.479589e+03 1.238773e-46
2.485229e+03 1.243932e-46
2.490882e+03 1.249115e-46
2.496548e+03 1.254322e-46
2.502226e+03 1.259552e-46
2.507918e+03 1.264806e-46
2.513622e+03 1.270084e-46
2.519340e+03 1.275386e-46
2.525070e+03 1.280713e-46
2.530814e+03 1.286063e-46
2.536570e+03 1.291438e-46
2.542340e+03 1.296838e-46
2.548122e+03 1.302262e-46
2.553918e+03 1.307711e-46
2.559727e+03 1.313185e-46
2.565550e+03 1.318684e-46
2.571385e+03 1.324208e-46
2.577234e+03 1.329757e-46
2.583096e+03 1.335331e-46
2.588972e+03 1.340931e-46
2.594860e+03 1.346557e-46
2.600763e+03 1.352208e-46
2.606678e+03 1.357884e-46
2.612607e+03 1.363587e-46
2.618550e+03 1.369316e-46
2.624506e+03 1.375071e-46
2.630475e+03 1.380852e-46
2.636459e+03 1.386659e-46
2.642455e+03 1.392493e-46
2.648466e+03 1.398354e-46
2.654490e+03 1.404241e-46
2.660528e+03 1.410156e-46
2.666579e+03 1.416097e-46
2.672645e+03 1.422065e-46
2.678724e+03 1.428061e-46
2.684817e+03 1.434084e-46
2.690924e+03 1.440134e-46
2.697044e+03 1.446212e-46
2.703179e+03 1.452317e-46
2.709327e+03 1.458451e-46
2.715490e+03 1.464612e-46
2.721667e+03 1.470802e-46
2.727857e+03 1.477020e-46
2.734062e+03 1.483266e-46
2.740281e+03 1.489541e-46
2.746514e+03 1.495844e-46
2.752761e+03 1.502176e-46
2.759022e+03 1.508537e-46
2.765298e+03 1.514927e-46
2.771588e+03 1.521346e-46
2.777892e+03 1.527794e-46
2.784210e+03 1.534272e-46
2.790543e+03 1.540779e-46
2.796890e+03 1.547316e-46
2.803252e+03 1.553883e-46
2.809628e+03 1.560480e-46
2.816019e+03 1.567106e-46
2.822424e+03 1.573764e-46
2.828844e+03 1.580451e-46
2.835279e+03 1.587169e-46
2.841728e+03 1.593917e-46
2.848191e+03 1.600697e-46
2.854670e+03 1.607507e-46
2.861163e+03 1.614348e-46
2.867671e+03 1.621221e-46
2.874193e+03 1.628125e-46
2.880731e+03 1.635073e-46
2.887283e+03 1.642028e-46
2.893851e+03 1.649025e-46
2.900433e+03 1.656056e-46
2.907030e+03 1.663118e-46
2.913643e+03 1.670213e-46
2.920270e+03 1.677341e-46
2.926912e+03 1.684500e-46
2.933570e+03 1.691693e-46
2.940242e+03 1.698918e-46
2.946930e+03 1.706176e-46
2.953633e+03 1.713467e-46
2.960351e+03 1.720791e-46
2.967085e+03 1.728149e-46
2.973834e+03 1.735541e-46
2.980598e+03 1.742966e-46
2.987377e+03 1.750425e-46
2.994172e+03 1.757918e-46
3.000983e+03 1.765445e-46
3.007809e+03 1.773006e-46
3.014650e+03 1.780602e-46
3.021507e+03 1.788233e-46
3.028380e+03 1.795898e-46
3.035268e+03 1.803598e-46
3.042172e+03 1.811334e-46
3.049092e+03 1.819104e-46
3.056027e+03 1.826910e-46
3.062978e+03 1.834752e-46
3.069945e+03 1.842629e-46
3.076928e+03 1.850543e-46
3.083927e+03 1.858492e-46
3.090941e+03 1.866478e-46
3.097972e+03 1.874500e-46
3.105018e+03 1.882558e-46
3.112081e+03 1.890654e-46
3.119160e+03 1.898786e-46
3.126254e+03 1.906955e-46
3.133365e+03 1.915162e-46
3.140492e+03 1.923406e-46
3.147636e+03 1.931688e-46
3.154795e+03 1.940007e-46
3.161971e+03 1.948364e-46
3.169163e+03 1.956760e-46
3.176372e+03 1.965193e-46
3.183596e+03 1.973665e-46
3.190838e+03 1.982176e-46
3.198096e+03 1.990725e-46
3.205370e+03 1.999314e-46
3.212661e+03 2.007942e-46
3.219968e+03 2.016609e-46
3.227292e+03 2.025315e-46
3.234633e+03 2.034061e-46
3.241990e+03 2.042847e-46
3.249364e+03 2.051673e-46
3.256755e+03 2.060540e-46
3.264163e+03 2.069446e-46
3.271588e+03 2.078394e-46
3.279029e+03 2.087382e-46
3.286487e+03 2.096411e-46
3.293963e+03 2.105481e-46
3.301455e+03 2.114593e-46
3.308964e+03 2.123746e-46
3.316491e+03 2.132941e-46
3.324035e+03 2.142177e-46
3.331595e+03 2.151456e-46
3.339173e+03 2.160777e-46
3.346768e+03 2.170141e-46
3.354381e+03 2.179547e-46
3.362011e+03 2.189038e-46
3.369658e+03 2.198489e-46
3.377322e+03 2.208024e-46
3.385004e+03 2.217603e-46
3.392704e+03 2.227226e-46
3.400421e+03 2.236892e-46
3.408155e+03 2.246603e-46
3.415907e+03 2.256358e-46
3.423677e+03 2.266157e-46
3.431464e+03 2.276001e-46
3.439269e+03 2.285890e-46
3.447092e+03 2.295823e-46
3.454933e+03 2.305803e-46
3.462791e+03 2.315827e-46
3.470668e+03 2.325898e-46
3.478562e+03 2.336014e-46
3.486474e+03 2.346176e-46
3.494404e+03 2.356385e-46
3.502353e+03 2.366640e-46
3.510319e+03 2.376942e-46
3.518304e+03 2.387291e-46
3.526306e+03 2.397687e-46
3.534327e+03 2.408130e-46
3.542366e+03 2.418621e-46
3.550423e+03 2.429160e-46
3.558499e+03 2.439747e-46
3.566593e+03 2.450382e-46
3.574706e+03 2.461065e-46
3.582837e+03 2.471798e-46
3.590986e+03 2.482579e-46
3.599154e+03 2.493409e-46
3.607340e+03 2.504289e-46
3.615546e+03 2.515218e-46
3.623769e+03 2.526197e-46
3.632012e+03 2.537226e-46
3.640273e+03 2.548306e-46
3.648553e+03 2.559435e-46
3.656852e+03 2.570616e-46
3.665170e+03 2.581848e-46
3.673507e+03 2.593130e-46
3.681862e+03 2.604464e-46
3.690237e+03 2.615850e-46
3.698631e+03 2.627288e-46
3.707043e+03 2.638778e-46
3.715475e+03 2.650320e-46
3.723926e+03 2.661914e-46
3.732397e+03 2.673562e-46
3.740886e+03 2.685263e-46
3.749395e+03 2.697017e-46
3.757924e+03 2.708824e-46
3.766471e+03 2.720686e-46
3.775038e+03 2.732601e-46
3.783625e+03 2.744571e-46
3.792231e+03 2.756595e-46
3.800857e+03 2.768674e-46
3.809502e+03 2.780808e-46
3.818167e+03 2.792997e-46
3.826852e+03 2.805242e-46
3.835556e+03 2.817543e-46
3.844280e+03 2.829909e-46
3.853024e+03 2.842313e-46
3.861788e+03 2.854783e-46
3.870572e+03 2.867309e-46
3.879376e+03 2.879893e-46
3.888200e+03 2.892533e-46
3.897044e+03 2.905232e-46
3.905908e+03 2.917988e-46
3.914792e+03 2.930803e-46
3.923697e+03 2.943676e-46
3.932622e+03 2.956607e-46
3.941567e+03 2.969598e-46
3.950532e+03 2.982647e-46
3.959518e+03 2.995756e-46
3.968524e+03 3.008925e-46
3.977551e+03 3.022154e-46
3.986598e+03 3.035443e-46
3.995666e+03 3.048793e-46
4.004754e+03 3.062203e-46
4.013863e+03 3.075675e-46
4.022993e+03 3.089208e-46
4.032144e+03 3.102803e-46
4.041315e+03 3.116459e-46
4.050507e+03 3.130178e-46
4.059720e+03 3.143960e-46
4.068955e+03 3.157804e-46
4.078210e+03 3.171711e-46
4.087486e+03 3.185682e-46
4.096783e+03 3.199716e-46
4.106102e+03 3.213814e-46
4.115441e+03 3.227976e-46
4.124802e+03 3.242203e-46
4.134184e+03 3.256495e-46
4.143588e+03 3.270852e-46
4.153013e+03 3.285274e-46
4.162459e+03 3.299762e-46
4.171927e+03 3.314317e-46
4.181416e+03 3.328937e-46
4.190927e+03 3.343624e-46
4.200459e+03 3.358378e-46
4.210014e+03 3.373199e-46
4.219590e+03 3.388088e-46
4.229187e+03 3.403044e-46
4.238807e+03 3.418069e-46
4.248448e+03 3.433162e-46
4.258112e+03 3.448324e-46
4.267797e+03 3.463555e-46
4.277505e+03 3.478855e-46
4.287234e+03 3.494225e-46
4.296986e+03 3.509665e-46
4.306760e+03 3.525175e-46
4.316556e+03 3.540757e-46
4.326374e+03 3.556410e-46
4.336214e+03 3.572132e-46
4.346078e+03 3.587927e-46
4.355963e+03 3.603794e-46
4.365871e+03 3.619733e-46
4.375801e+03 3.635745e-46
4.385754e+03 3.651830e-46
4.395730e+03 3.667988e-46
4.405729e+03 3.684220e-46
4.415750e+03 3.700526e-46
4.425794e+03 3.716906e-46
4.435860e+03 3.733360e-46
4.445950e+03 3.749890e-46
4.456063e+03 3.766495e-46
4.466198e+03 3.783175e-46
4.476357e+03 3.799932e-46
4.486539e+03 3.816765e-46
4.496744e+03 3.833675e-46
4.506972e+03 3.850661e-46
4.517223e+03 3.867725e-46
4.527498e+03 3.884867e-46
4.537796e+03 3.902087e-46
4.548118e+03 3.919385e-46
4.558463e+03 3.936762e-46
4.568831e+03 3.954219e-46
4.579223e+03 3.971754e-46
4.589639e+03 3.989370e-46
4.600079e+03 4.007066e-46
4.610542e+03 4.024843e-46
4.621029e+03 4.042700e-46
4.631540e+03 4.060639e-46
4.642074e+03 4.078660e-46
4.652633e+03 4.096763e-46
4.663216e+03 4.114948e-46
4.673823e+03 4.133216e-46
4.684454e+03 4.151567e-46
4.695109e+03 4.170002e-46
4.705788e+03 4.188521e-46
4.716492e+03 4.207124e-46
4.727220e+03 4.225812e-46
4.737972e+03 4.244586e-46
4.748749e+03 4.263444e-46
4.759550e+03 4.282389e-46
4.770376e+03 4.301420e-46
4.781227e+03 4.320537e-46
4.792102e+03 4.339742e-46
4.803002e+03 4.359042e-46
4.813927e+03 4.378414e-46
4.824876e+03 4.397883e-46
4.835851e+03 4.417440e-46
4.846850e+03 4.437086e-46
4.857875e+03 4.456822e-46
4.868924e+03 4.476647e-46
4.879999e+03 4.496563e-46
4.891099e+03 4.516570e-46
4.902224e+03 4.536667e-46
4.913375e+03 4.556857e-46
4.924550e+03 4.577138e-46
4.935752e+03 4.597512e-46
4.946978e+03 4.617978e-46
4.958231e+03 4.638538e-46
4.969509e+03 4.659191e-46
4.980812e+03 4.679939e-46
4.992141e+03 4.700781e-46
5.003496e+03 4.721718e-46
5.014877e+03 4.742750e-46
5.026284e+03 4.763878e-46
5.037716e+03 4.785103e-46
5.049175e+03 4.806424e-46
5.060660e+03 4.827842e-46
5.072170e+03 4.849358e-46
5.083707e+03 4.870971e-46
5.095271e+03 4.892684e-46
5.106860e+03 4.914495e-46
5.118476e+03 4.936405e-46
5.130119e+03 4.958416e-46
5.141787e+03 4.980526e-46
5.153483e+03 5.002738e-46
5.165205e+03 5.025050e-46
5.176953e+03 5.047464e-46
5.188729e+03 5.069981e-46
5.200531e+03 5.092600e-46
5.212360e+03 5.115321e-46
5.224216e+03 5.138147e-46
5.236098e+03 5.161076e-46
5.248008e+03 5.184110e-46
5.259945e+03 5.207249e-46
5.271909e+03 5.230493e-46
5.283901e+03 5.253876e-46
5.295919e+03 5.277299e-46
5.307965e+03 5.300863e-46
5.320039e+03 5.324533e-46
5.332139e+03 5.348312e-46
5.344268e+03 5.372198e-46
5.356424e+03 5.396194e-46
5.368607e+03 5.420299e-46
5.380818e+03 5.444513e-46
5.393057e+03 5.468838e-46
5.405324e+03 5.493274e-46
5.417619e+03 5.517821e-46
5.429942e+03 5.542480e-46
5.442293e+03 5.567251e-46
5.454672e+03 5.592136e-46
5.467079e+03 5.617133e-46
5.479514e+03 5.642244e-46
5.491977e+03 5.667470e-46
5.504469e+03 5.692811e-46
5.516990e+03 5.718267e-46
5.529538e+03 5.743839e-46
5.542116e+03 5.769527e-46
5.554722e+03 5.795333e-46
5.567356e+03 5.821256e-46
5.580020e+03 5.847297e-46
5.592712e+03 5.873457e-46
5.605433e+03 5.899736e-46
5.618183e+03 5.926134e-46
5.630962e+03 5.952653e-46
5.643770e+03 5.979293e-46
5.656607e+03 6.006054e-46
5.669473e+03 6.032937e-46
5.682369e+03 6.059942e-46
5.695294e+03 6.087071e-46
5.708248e+03 6.114323e-46
5.721232e+03 6.141699e-46
5.734245e+03 6.169200e-46
5.747288e+03 6.196826e-46
5.760361e+03 6.224578e-46
5.773463e+03 6.252456e-46
5.786595e+03 6.280461e-46
5.799757e+03 6.308594e-46
5.812949e+03 6.336855e-46
5.826171e+03 6.365245e-46
5.839423e+03 6.393764e-46
5.852705e+03 6.422413e-46
5.866018e+03 6.451193e-46
5.879360e+03 6.480104e-46
5.892733e+03 6.509146e-46
5.906137e+03 6.538320e-46
5.919571e+03 6.567628e-46
5.933035e+03 6.597069e-46
5.946530e+03 6.626644e-46
5.960056e+03 6.656354e-46
5.973613e+03 6.686199e-46
5.987200e+03 6.716180e-46
6.000818e+03 6.746298e-46
6.014468e+03 6.776553e-46
6.028148e+03 6.806945e-46
6.041859e+03 6.837477e-46
6.055602e+03 6.868147e-46
6.069376e+03 6.898957e-46
6.083181e+03 6.929907e-46
6.097018e+03 6.960998e-46
6.110886e+03 6.992231e-46
6.124786e+03 7.023606e-46
6.138717e+03 7.055124e-46
6.152680e+03 7.086786e-46
6.166674e+03 7.118591e-46
6.180701e+03 7.150542e-46
6.194759e+03 7.182638e-46
6.208850e+03 7.214881e-46
6.222972e+03 7.247270e-46
6.237127e+03 7.279807e-46
6.251314e+03 7.312492e-46
6.265533e+03 7.345326e-46
6.279784e+03 7.378309e-46
6.294068e+03 7.411443e-46
6.308384e+03 7.444727e-46
6.322733e+03 7.478164e-46
6.337115e+03 7.511752e-46
6.351529e+03 7.545494e-46
6.365976e+03 7.579389e-46
6.380456e+03 7.613439e-46
6.394968e+03 7.647643e-46
6.409514e+03 7.682004e-46
6.424093e+03 7.716521e-46
6.438705e+03 7.751195e-46
6.453350e+03 7.786027e-46
6.468029e+03 7.821018e-46
6.482741e+03 7.856168e-46
6.497486e+03 7.891479e-46
6.512265e+03 7.926950e-46
6.527078e+03 7.962582e-46
6.541924e+03 7.998378e-46
6.556804e+03 8.034336e-46
6.571718e+03 8.070457e-46
6.586666e+03 8.106744e-46
6.601648e+03 8.143196e-46
6.616664e+03 8.179813e-46
6.631714e+03 8.216598e-46
6.646798e+03 8.253550e-46
6.661917e+03 8.290670e-46
6.677070e+03 8.327960e-46
6.692257e+03 8.365419e-46
6.707479e+03 8.403049e-46
6.722736e+03 8.440850e-46
6.738027e+03 8.478824e-46
6.753353e+03 8.516970e-46
6.768714e+03 8.555290e-46
6.784110e+03 8.593785e-46
6.799541e+03 8.632455e-46
6.815007e+03 8.671302e-46
6.830508e+03 8.710325e-46
6.846045e+03 8.749526e-46
6.861617e+03 8.788905e-46
6.877224e+03 8.828464e-46
6.892867e+03 8.868203e-46
6.908545e+03 8.908123e-46
6.924259e+03 8.948225e-46
6.940009e+03 8.988509e-46
6.955794e+03 9.028977e-46
6.971616e+03 9.069630e-46
6.987473e+03 9.110467e-46
7.003367e+03 9.151491e-46
7.019296e+03 9.192701e-46
7.035262e+03 9.234099e-46
7.051264e+03 9.275686e-46
7.067303e+03 9.317462e-46
7.083378e+03 9.359428e-46
7.099490e+03 9.401586e-46
7.115638e+03 9.443935e-46
7.131823e+03 9.486478e-46
7.148045e+03 9.529214e-46
7.164303e+03 9.572145e-46
7.180599e+03 9.615271e-46
7.196932e+03 9.658594e-46
7.213302e+03 9.702114e-46
7.229709e+03 9.745832e-46
7.246153e+03 9.789750e-46
7.262635e+03 9.833867e-46
7.279155e+03 9.878186e-46
7.295712e+03 9.922706e-46
7.312306e+03 9.967429e-46
7.328939e+03 1.001236e-45
7.345609e+03 1.005749e-45
7.362317e+03 1.010282e-45
7.379063e+03 1.014837e-45
7.395847e+03 1.019412e-45
7.412670e+03 1.024008e-45
7.429530e+03 1.028625e-45
7.446429e+03 1.033263e-45
7.463367e+03 1.037922e-45
7.480343e+03 1.042602e-45
7.497357e+03 1.047303e-45
7.514410e+03 1.052026e-45
7.531502e+03 1.056771e-45
7.548633e+03 1.061537e-45
7.565803e+03 1.066325e-45
7.583012e+03 1.071134e-45
7.600260e+03 1.075966e-45
7.617548e+03 1.080819e-45
7.634874e+03 1.085695e-45
7.652240e+03 1.090593e-45
7.669646e+03 1.095513e-45
7.687091e+03 1.100456e-45
7.704576e+03 1.105421e-45
7.722100e+03 1.110408e-45
7.739665e+03 1.115419e-45
7.757269e+03 1.120452e-45
7.774914e+03 1.125508e-45
7.792598e+03 1.130587e-45
7.810323e+03 1.135690e-45
7.828088e+03 1.140815e-45
7.845894e+03 1.145964e-45
7.863740e+03 1.151136e-45
7.881626e+03 1.156332e-45
7.899554e+03 1.161552e-45
7.917522e+03 1.166795e-45
7.935531e+03 1.172062e-45
7.953581e+03 1.177354e-45
7.971672e+03 1.182669e-45
7.989804e+03 1.188008e-45
8.007977e+03 1.193372e-45
8.026192e+03 1.198761e-45
8.044448e+03 1.204173e-45
8.062746e+03 1.209611e-45
8.081085e+03 1.215073e-45
8.099466e+03 1.220560e-45
8.117889e+03 1.226072e-45
8.136354e+03 1.231609e-45
8.154860e+03 1.237172e-45
8.173409e+03 1.242760e-45
8.192000e+03 1.248373e-45
